lo_orderkey|lo_linenumber|lo_custkey|lo_partkey|lo_suppkey|lo_orderdate|lo_orderpriority|lo_shippriority|lo_quantity|lo_extendedprice|lo_ordertotalprice|lo_discount|lo_revenue|lo_supplycost|lo_tax|lo_commitdate|lo_shipmode
1|1|25|156|1|19931014|5-LOW|0|17|1795455|13125181|4|1723636|63369|2|19931124|TRUCK
1|2|25|68|1|19931014|5-LOW|0|36|3485016|13125181|9|3171364|58083|6|19931210|MAIL
1|3|25|64|1|19931014|5-LOW|0|8|771248|13125181|10|694123|57843|2|19931216|REG AIR
1|4|25|3|1|19931014|5-LOW|0|28|2528400|13125181|9|2300844|54180|6|19940110|AIR
1|5|25|25|2|19931014|5-LOW|0|24|2220048|13125181|10|1998043|55501|4|19931225|FOB
1|6|25|16|2|19931014|5-LOW|0|32|2931232|13125181|7|2726045|54960|2|19931119|MAIL
2|1|28|107|2|19951011|5-LOW|0|38|3826980|4018329|0|3826980|60426|5|19951124|RAIL
3|1|10|5|2|19940730|5-LOW|0|45|4072500|10680177|6|3828150|54300|0|19941020|AIR
3|2|10|20|2|19940730|5-LOW|0|49|4508098|10680177|10|4057288|55201|0|19941005|RAIL
3|3|10|129|2|19940730|5-LOW|0|27|2778624|10680177|6|2611906|61747|7|19940907|SHIP
4|1|13|89|2|19920221|4-NOT SPECI|0|30|2967240|3108479|3|2878222|59344|8|19920425|REG AIR
5|1|8|109|1|19960110|2-HIGH|0|15|1513650|14874142|2|1483377|60546|4|19960211|AIR
5|2|8|124|1|19960110|2-HIGH|0|26|2662712|14874142|7|2476322|61447|8|19960307|FOB
5|3|8|38|1|19960110|2-HIGH|0|50|4690150|14874142|8|4314938|56281|3|19960325|AIR
5|4|8|170|1|19960110|2-HIGH|0|7|749119|14874142|1|741627|64210|4|19960408|MAIL
5|5|8|7|1|19960110|2-HIGH|0|5|453500|14874142|6|426290|54420|6|19960408|TRUCK
5|6|8|147|1|19960110|2-HIGH|0|23|2408422|14874142|10|2167579|62828|4|19960404|SHIP
5|7|8|108|1|19960110|2-HIGH|0|28|2822680|14874142|5|2681546|60486|2|19960302|SHIP
6|1|28|140|1|19950716|2-HIGH|0|37|3848518|17306124|8|3540636|62408|3|19951008|TRUCK
6|2|28|54|1|19950716|2-HIGH|0|14|1335670|17306124|8|1228816|57243|0|19950902|RAIL
6|3|28|64|2|19950716|2-HIGH|0|47|4531082|17306124|7|4213906|57843|0|19950929|AIR
6|4|28|173|2|19950716|2-HIGH|0|17|1824389|17306124|6|1714925|64390|5|19951007|TRUCK
6|5|28|139|2|19950716|2-HIGH|0|32|3325216|17306124|10|2992694|62347|2|19951012|AIR
6|6|28|170|2|19950716|2-HIGH|0|30|3210510|17306124|3|3114194|64210|8|19951011|TRUCK
7|1|14|183|2|19931027|3-MEDIUM|0|12|1299816|9594508|7|1208828|64990|3|19931229|FOB
7|2|14|146|1|19931027|3-MEDIUM|0|9|941526|9594508|8|866203|62768|8|19931218|SHIP
7|3|14|95|2|19931027|3-MEDIUM|0|46|4577414|9594508|10|4119672|59705|7|19940112|MAIL
7|4|14|164|1|19931027|3-MEDIUM|0|28|2979648|9594508|3|2890258|63849|4|19940124|FOB
32|1|13|83|2|19980721|3-MEDIUM|0|28|2752624|6443550|5|2614992|58984|8|19980901|TRUCK
32|2|13|198|1|19980721|3-MEDIUM|0|32|3514208|6443550|2|3443923|65891|0|19981012|AIR
32|3|13|45|1|19980721|3-MEDIUM|0|2|189008|6443550|9|171997|56702|2|19981012|AIR
33|1|26|62|2|19951023|4-NOT SPECI|0|31|2982386|14410287|9|2713971|57723|4|19951215|TRUCK
33|2|26|61|2|19951023|4-NOT SPECI|0|32|3075392|14410287|2|3013884|57663|5|19951231|MAIL
33|3|26|138|1|19951023|4-NOT SPECI|0|5|519065|14410287|5|493111|62287|3|19951221|AIR
33|4|26|34|1|19951023|4-NOT SPECI|0|41|3829523|14410287|9|3484865|56041|0|19960120|MAIL
33|5|26|52|2|19951023|4-NOT SPECI|0|9|856845|14410287|8|788297|57123|7|19951214|AIR
33|6|26|65|1|19951023|4-NOT SPECI|0|40|3860240|14410287|8|3551420|57903|1|19960103|MAIL
34|1|25|89|1|19951103|1-URGENT|0|13|1285804|1375810|0|1285804|59344|7|19951228|REG AIR
35|1|19|1|1|19920603|3-MEDIUM|0|24|2162400|6484159|2|2119152|54060|0|19920814|FOB
35|2|19|162|1|19920603|3-MEDIUM|0|34|3611344|6484159|6|3394663|63729|8|19920817|RAIL
35|3|19|121|2|19920603|3-MEDIUM|0|7|714784|6484159|6|671896|61267|4|19920802|MAIL
36|1|25|120|1|19960821|4-NOT SPECI|0|42|4284504|3898898|9|3898898|61207|0|19961108|SHIP
37|1|17|23|1|19960920|3-MEDIUM|0|40|3692080|24400389|9|3359792|55381|3|19961118|REG AIR
37|2|17|127|2|19960920|3-MEDIUM|0|39|4005768|24400389|5|3805479|61627|2|19961205|RAIL
37|3|17|13|1|19960920|3-MEDIUM|0|43|3925943|24400389|5|3729645|54780|8|19961023|TRUCK
37|4|17|60|2|19960920|3-MEDIUM|0|40|3840240|24400389|3|3725032|57603|5|19961129|FOB
37|5|17|88|2|19960920|3-MEDIUM|0|45|4446360|24400389|1|4401896|59284|1|19961216|TRUCK
37|6|17|187|2|19960920|3-MEDIUM|0|43|4674874|24400389|2|4581376|65230|2|19961022|REG AIR
38|1|7|176|2|19940716|3-MEDIUM|0|44|4735148|4636656|4|4545742|64570|2|19941012|MAIL
39|1|4|3|2|19950318|1-URGENT|0|44|3973200|11057865|9|3615612|54180|6|19950612|RAIL
39|2|4|187|2|19950318|1-URGENT|0|26|2826668|11057865|8|2600534|65230|4|19950417|FOB
39|3|4|68|2|19950318|1-URGENT|0|46|4453076|11057865|6|4185891|58083|8|19950616|AIR
64|1|26|86|1|19940120|5-LOW|0|21|2070768|5262986|5|1967229|59164|2|19940325|REG AIR
64|2|26|177|2|19940120|5-LOW|0|31|3339227|5262986|8|3072088|64630|6|19940409|MAIL
65|1|13|60|2|19961219|4-NOT SPECI|0|26|2496156|10209377|3|2421271|57603|3|19970126|TRUCK
65|2|13|74|2|19961219|4-NOT SPECI|0|22|2142954|10209377|0|2142954|58444|5|19970307|FOB
65|3|13|2|1|19961219|4-NOT SPECI|0|21|1894200|10209377|9|1723722|54120|7|19970214|RAIL
65|4|13|117|1|19961219|4-NOT SPECI|0|5|508555|10209377|6|478041|61026|8|19970127|SHIP
65|5|13|46|1|19961219|4-NOT SPECI|0|12|1135248|10209377|4|1089838|56762|4|19970131|AIR
65|6|13|76|1|19961219|4-NOT SPECI|0|20|1952140|10209377|1|1932618|58564|2|19970206|FOB
66|1|7|116|1|19980418|3-MEDIUM|0|31|3149941|19879037|0|3149941|60966|8|19980607|RAIL
66|2|7|174|1|19980418|3-MEDIUM|0|41|4404097|19879037|4|4227933|64450|7|19980528|AIR
66|3|7|19|2|19980418|3-MEDIUM|0|40|3676040|19879037|8|3381956|55140|8|19980626|REG AIR
66|4|7|42|1|19980418|3-MEDIUM|0|44|4144976|19879037|7|3854827|56522|2|19980708|FOB
66|5|7|149|2|19980418|3-MEDIUM|0|34|3567076|19879037|8|3281709|62948|7|19980621|RAIL
66|6|7|163|1|19980418|3-MEDIUM|0|7|744212|19879037|3|721885|63789|6|19980604|SHIP
66|7|7|94|1|19980418|3-MEDIUM|0|1|99409|19879037|10|89468|59645|3|19980626|FOB
67|1|17|22|2|19940604|4-NOT SPECI|0|4|368808|11622705|9|335615|55321|4|19940717|SHIP
67|2|17|21|2|19940604|4-NOT SPECI|0|12|1105224|11622705|9|1005753|55261|5|19940807|REG AIR
67|3|17|174|1|19940604|4-NOT SPECI|0|5|537085|11622705|3|520972|64450|7|19940729|TRUCK
67|4|17|88|1|19940604|4-NOT SPECI|0|44|4347552|11622705|8|3999747|59284|6|19940715|RAIL
67|5|17|41|2|19940604|4-NOT SPECI|0|23|2164392|11622705|5|2056172|56462|7|19940731|REG AIR
67|6|17|179|1|19940604|4-NOT SPECI|0|29|3129593|11622705|2|3067001|64750|5|19940713|FOB
68|1|13|8|1|19931218|5-LOW|0|3|272400|17322350|5|258780|54480|2|19940204|RAIL
68|2|13|176|2|19931218|5-LOW|0|46|4950382|17322350|2|4851374|64570|5|19940206|MAIL
68|3|13|35|1|19931218|5-LOW|0|46|4301138|17322350|4|4129092|56101|5|19940309|RAIL
68|4|13|95|2|19931218|5-LOW|0|20|1990180|17322350|7|1850867|59705|1|19940122|REG AIR
68|5|13|83|1|19931218|5-LOW|0|27|2654316|17322350|3|2574686|58984|6|19940224|SHIP
68|6|13|103|1|19931218|5-LOW|0|30|3009300|17322350|5|2858835|60186|6|19940312|RAIL
69|1|1|116|1|19980124|4-NOT SPECI|0|48|4877328|16217623|1|4828554|60966|7|19980402|TRUCK
69|2|1|105|2|19980124|4-NOT SPECI|0|32|3216320|16217623|8|2959014|60306|6|19980408|REG AIR
69|3|1|138|2|19980124|4-NOT SPECI|0|17|1764821|16217623|9|1605987|62287|0|19980226|AIR
69|4|1|38|2|19980124|4-NOT SPECI|0|3|281409|16217623|9|256082|56281|4|19980318|MAIL
69|5|1|93|2|19980124|4-NOT SPECI|0|42|4170978|16217623|7|3879009|59585|4|19980317|REG AIR
69|6|1|19|1|19980124|4-NOT SPECI|0|23|2113723|16217623|5|2008036|55140|0|19980328|SHIP
70|1|22|65|2|19940417|2-HIGH|0|8|772048|2230007|3|748886|57903|8|19940627|FOB
70|2|22|197|2|19940417|2-HIGH|0|13|1426347|2230007|6|1340766|65831|6|19940613|AIR
71|1|5|62|1|19930129|3-MEDIUM|0|25|2405150|7126258|9|2188686|57723|7|19930427|FOB
71|2|5|66|2|19930129|3-MEDIUM|0|3|289818|7126258|9|263734|57963|7|19930408|SHIP
71|3|5|35|2|19930129|3-MEDIUM|0|45|4207635|7126258|0|4207635|56101|7|19930325|SHIP
96|1|22|124|2|19940925|1-URGENT|0|23|2355476|8694444|10|2119928|61447|6|19941207|TRUCK
96|2|22|136|1|19940925|1-URGENT|0|30|3108390|8694444|1|3077306|62167|6|19941106|TRUCK
96|3|22|96|1|19940925|1-URGENT|0|20|1992180|8694444|5|1892571|59765|7|19941117|AIR
96|4|22|124|2|19940925|1-URGENT|0|11|1126532|8694444|0|1126532|61447|3|19941214|AIR
97|1|19|120|1|19940313|4-NOT SPECI|0|13|1326156|8271498|0|1326156|61207|2|19940517|TRUCK
97|2|19|50|1|19940313|4-NOT SPECI|0|37|3515185|8271498|2|3444881|57003|6|19940512|SHIP
97|3|19|78|2|19940313|4-NOT SPECI|0|19|1858333|8271498|6|1746833|58684|8|19940417|RAIL
97|4|19|87|1|19940313|4-NOT SPECI|0|14|1381912|8271498|3|1340454|59224|3|19940417|TRUCK
98|1|29|41|1|19980228|4-NOT SPECI|0|28|2634912|8457002|6|2476817|56462|7|19980330|REG AIR
98|2|29|110|2|19980228|4-NOT SPECI|0|1|101011|8457002|0|101011|60606|0|19980517|TRUCK
98|3|29|45|1|19980228|4-NOT SPECI|0|14|1323056|8457002|5|1256903|56702|2|19980427|AIR
98|4|29|168|1|19980228|4-NOT SPECI|0|10|1068160|8457002|3|1036115|64089|3|19980413|RAIL
98|5|29|185|2|19980228|4-NOT SPECI|0|33|3581094|8457002|9|3258795|65110|3|19980406|MAIL
99|1|7|88|2|19960317|3-MEDIUM|0|10|988080|5860752|2|968318|59284|1|19960607|RAIL
99|2|7|124|1|19960317|3-MEDIUM|0|5|512060|5860752|2|501818|61447|7|19960601|RAIL
99|3|7|135|2|19960317|3-MEDIUM|0|42|4347546|5860752|2|4260595|62107|2|19960522|RAIL
100|1|1|63|1|19970509|2-HIGH|0|28|2696568|10777616|4|2588705|57783|5|19970722|TRUCK
100|2|1|116|1|19970509|2-HIGH|0|22|2235442|10777616|0|2235442|60966|7|19970621|SHIP
100|3|1|47|1|19970509|2-HIGH|0|46|4356384|10777616|3|4225692|56822|4|19970619|SHIP
100|4|1|39|2|19970509|2-HIGH|0|14|1314642|10777616|6|1235763|56341|3|19970710|MAIL
101|1|7|119|2|19960620|4-NOT SPECI|0|49|4993639|13491030|10|4494275|61146|0|19960830|REG AIR
101|2|7|164|2|19960620|4-NOT SPECI|0|36|3830976|13491030|0|3830976|63849|1|19960804|AIR
101|3|7|139|2|19960620|4-NOT SPECI|0|12|1246956|13491030|6|1172138|62347|2|19960724|MAIL
101|4|7|179|2|19960620|4-NOT SPECI|0|38|4100846|13491030|6|3854795|64750|2|19960913|AIR
102|1|16|89|2|19920615|1-URGENT|0|37|3659596|3440020|6|3440020|59344|0|19920908|SHIP
103|1|16|195|2|19921119|5-LOW|0|6|657114|15612190|3|637400|65711|5|19921224|FOB
103|2|16|11|1|19921119|5-LOW|0|37|3370737|15612190|2|3303322|54660|7|19921226|MAIL
103|3|16|29|1|19921119|5-LOW|0|23|2136746|15612190|1|2115378|55741|4|19930217|FOB
103|4|16|30|2|19921119|5-LOW|0|32|2976096|15612190|1|2946335|55801|7|19930105|RAIL
103|5|16|166|1|19921119|5-LOW|0|2|213232|15612190|5|202570|63969|6|19930212|RAIL
103|6|16|168|1|19921119|5-LOW|0|44|4699904|15612190|4|4511907|64089|1|19921227|MAIL
103|7|16|94|1|19921119|5-LOW|0|13|1292317|15612190|8|1188931|59645|8|19921230|TRUCK
128|1|8|107|1|19920508|2-HIGH|0|38|3826980|18057342|6|3597361|60426|1|19920720|FOB
128|2|8|49|2|19920508|2-HIGH|0|42|3985968|18057342|9|3627230|56942|6|19920706|FOB
128|3|8|12|2|19920508|2-HIGH|0|41|3739241|18057342|4|3589671|54720|5|19920709|RAIL
128|4|8|109|1|19920508|2-HIGH|0|44|4440040|18057342|5|4218038|60546|2|19920708|MAIL
128|5|8|130|2|19920508|2-HIGH|0|25|2575325|18057342|9|2343545|61807|7|19920628|AIR
129|1|19|3|1|19940608|3-MEDIUM|0|46|4153800|11003220|8|3821496|54180|2|19940813|TRUCK
129|2|19|186|1|19940608|3-MEDIUM|0|36|3910248|11003220|1|3871145|65170|2|19940714|REG AIR
129|3|19|40|1|19940608|3-MEDIUM|0|33|3102132|11003220|4|2978046|56402|6|19940903|SHIP
130|1|7|129|1|19930611|3-MEDIUM|0|14|1440768|8603615|8|1325506|61747|5|19930828|RAIL
130|2|7|2|1|19930611|3-MEDIUM|0|48|4329600|8603615|3|4199712|54120|2|19930815|AIR
130|3|7|12|1|19930611|3-MEDIUM|0|18|1641618|8603615|4|1575953|54720|8|19930718|MAIL
130|4|7|116|2|19930611|3-MEDIUM|0|13|1320943|8603615|9|1202058|60966|2|19930901|FOB
131|1|10|168|1|19971129|1-URGENT|0|45|4806720|10125129|10|4326048|64089|2|19980223|FOB
131|2|10|45|2|19971129|1-URGENT|0|50|4725200|10125129|2|4630696|56702|4|19980131|SHIP
131|3|10|190|1|19971129|1-URGENT|0|4|436076|10125129|4|418632|65411|3|19980220|REG AIR
131|4|10|65|2|19971129|1-URGENT|0|5|482530|10125129|9|439102|57903|6|19980118|TRUCK
132|1|2|141|1|19920501|4-NOT SPECI|0|18|1874052|16175892|0|1874052|62468|8|19920625|TRUCK
132|2|2|120|1|19920501|4-NOT SPECI|0|43|4386516|16175892|1|4342650|61207|8|19920706|TRUCK
132|3|2|115|1|19920501|4-NOT SPECI|0|32|3248352|16175892|4|3118417|60906|4|19920625|TRUCK
132|4|2|29|2|19920501|4-NOT SPECI|0|23|2136746|16175892|10|1923071|55741|0|19920717|AIR
132|5|2|173|1|19920501|4-NOT SPECI|0|9|965853|16175892|6|907901|64390|4|19920725|REG AIR
132|6|2|17|2|19920501|4-NOT SPECI|0|36|3301236|16175892|6|3103161|55020|8|19920628|AIR
133|1|13|104|1|19951021|4-NOT SPECI|0|27|2711070|17306512|0|2711070|60246|2|19960115|MAIL
133|2|13|177|2|19951021|4-NOT SPECI|0|12|1292604|17306512|2|1266751|64630|6|19951207|REG AIR
133|3|13|118|2|19951021|4-NOT SPECI|0|29|2952519|17306512|9|2686792|61086|8|19951222|RAIL
133|4|13|90|2|19951021|4-NOT SPECI|0|11|1089099|17306512|6|1023753|59405|1|19951207|REG AIR
133|5|13|187|1|19951021|4-NOT SPECI|0|42|4566156|17306512|0|4566156|65230|8|19960101|RAIL
133|6|13|181|2|19951021|4-NOT SPECI|0|39|4216602|17306512|4|4047937|64870|7|19951214|RAIL
134|1|17|1|1|19961219|4-NOT SPECI|0|21|1892100|8430163|0|1892100|54060|3|19970225|SHIP
134|2|17|165|2|19961219|4-NOT SPECI|0|35|3728060|8430163|6|3504376|63909|7|19970119|MAIL
134|3|17|189|2|19961219|4-NOT SPECI|0|26|2831868|8430163|9|2576999|65350|6|19970301|RAIL
135|1|4|109|1|19940831|2-HIGH|0|47|4742770|4814859|6|4458203|60546|8|19941111|RAIL
160|1|4|15|2|19950508|3-MEDIUM|0|36|3294036|3094087|7|3063453|54900|1|19950729|MAIL
161|1|19|103|2|19970905|3-MEDIUM|0|19|1905890|19979081|1|1886831|60186|1|19971124|TRUCK
161|2|19|115|1|19970905|3-MEDIUM|0|24|2436264|19979081|3|2363176|60906|6|19971112|MAIL
161|3|19|194|1|19970905|3-MEDIUM|0|23|2516637|19979081|3|2441137|65651|3|19971101|MAIL
161|4|19|74|1|19970905|3-MEDIUM|0|44|4285908|19979081|0|4285908|58444|2|19971103|FOB
161|5|19|96|2|19970905|3-MEDIUM|0|47|4681623|19979081|4|4494358|59765|5|19971108|AIR
161|6|19|124|1|19970905|3-MEDIUM|0|43|4403716|19979081|10|3963344|61447|0|19971102|RAIL
162|1|1|190|2|19921021|5-LOW|0|2|218038|22282117|2|213677|65411|1|19921130|FOB
162|2|1|161|2|19921021|5-LOW|0|37|3926292|22282117|9|3572925|63669|3|19930115|TRUCK
162|3|1|143|1|19921021|5-LOW|0|25|2607850|22282117|9|2373143|62588|5|19921224|MAIL
162|4|1|129|1|19921021|5-LOW|0|47|4836864|22282117|4|4643389|61747|8|19921217|REG AIR
162|5|1|184|1|19921021|5-LOW|0|39|4228302|22282117|0|4228302|65050|4|19921215|SHIP
162|6|1|56|1|19921021|5-LOW|0|32|3059360|22282117|0|3059360|57363|3|19921128|TRUCK
162|7|1|49|2|19921021|5-LOW|0|37|3511448|22282117|7|3265646|56942|2|19921123|MAIL
163|1|7|168|2|19930130|4-NOT SPECI|0|43|4593088|10181940|1|4547157|64089|0|19930415|REG AIR
163|2|7|121|1|19930130|4-NOT SPECI|0|13|1327456|10181940|1|1314181|61267|4|19930314|TRUCK
163|3|7|37|1|19930130|4-NOT SPECI|0|27|2529981|10181940|4|2428781|56221|8|19930424|REG AIR
163|4|7|193|1|19930130|4-NOT SPECI|0|5|546595|10181940|2|535663|65591|0|19930305|TRUCK
163|5|7|127|1|19930130|4-NOT SPECI|0|12|1232544|10181940|10|1109289|61627|0|19930322|TRUCK
164|1|22|92|1|19950912|2-HIGH|0|26|2579434|11469155|9|2347284|59525|4|19951013|RAIL
164|2|22|19|2|19950912|2-HIGH|0|24|2205624|11469155|5|2095342|55140|5|19951019|AIR
164|3|22|126|2|19950912|2-HIGH|0|38|3899256|11469155|3|3782278|61567|6|19951015|AIR
164|4|22|18|1|19950912|2-HIGH|0|32|2937632|11469155|5|2790750|55080|1|19951114|RAIL
165|1|25|34|2|19930104|4-NOT SPECI|0|3|280209|4711597|1|277406|56041|8|19930208|REG AIR
165|2|25|162|2|19930104|4-NOT SPECI|0|43|4567288|4711597|8|4201904|63729|5|19930324|TRUCK
166|1|17|65|2|19971125|5-LOW|0|37|3570722|14746652|9|3249357|57903|3|19971230|MAIL
166|2|17|167|1|19971125|5-LOW|0|13|1387308|14746652|9|1262450|64029|5|19980131|SHIP
166|3|17|100|1|19971125|5-LOW|0|41|4100410|14746652|7|3813381|60006|3|19980120|FOB
166|4|17|46|1|19971125|5-LOW|0|8|756832|14746652|5|718990|56762|2|19980211|RAIL
166|5|17|163|1|19971125|5-LOW|0|13|1382108|14746652|5|1313002|63789|5|19971229|SHIP
166|6|17|136|1|19971125|5-LOW|0|39|4040907|14746652|4|3879270|62167|4|19980121|FOB
167|1|16|102|1|19930808|1-URGENT|0|28|2805880|9186733|6|2637527|60126|1|19930920|TRUCK
167|2|16|172|1|19930808|1-URGENT|0|27|2894859|9186733|9|2634321|64330|0|19931102|FOB
167|3|16|123|1|19930808|1-URGENT|0|37|3785544|9186733|4|3634122|61387|7|19930920|REG AIR
192|1|13|98|2|19920405|3-MEDIUM|0|23|2295607|14343077|0|2295607|59885|0|19920617|AIR
192|2|13|162|2|19920405|3-MEDIUM|0|20|2124320|14343077|7|1975617|63729|1|19920613|REG AIR
192|3|13|111|2|19920405|3-MEDIUM|0|15|1516665|14343077|9|1380165|60666|1|19920621|TRUCK
192|4|13|197|2|19920405|3-MEDIUM|0|2|219438|14343077|6|206271|65831|2|19920614|SHIP
192|5|13|83|2|19920405|3-MEDIUM|0|25|2457700|14343077|2|2408546|58984|3|19920522|TRUCK
192|6|13|142|1|19920405|3-MEDIUM|0|45|4689630|14343077|0|4689630|62528|5|19920520|MAIL
192|7|13|22|2|19920405|3-MEDIUM|0|11|1014222|14343077|3|983795|55321|6|19920612|FOB
193|1|28|93|1|19931228|3-MEDIUM|0|9|893781|9399153|6|840154|59585|6|19940227|TRUCK
193|2|28|154|2|19931228|3-MEDIUM|0|15|1581225|9399153|2|1549600|63249|7|19940228|SHIP
193|3|28|94|1|19931228|3-MEDIUM|0|23|2286407|9399153|6|2149222|59645|5|19940302|TRUCK
193|4|28|197|2|19931228|3-MEDIUM|0|43|4717917|9399153|9|4293304|65831|7|19940218|TRUCK
194|1|13|3|1|19930317|2-HIGH|0|17|1535100|1627003|5|1458345|54180|4|19930503|AIR
194|2|13|184|1|19930317|2-HIGH|0|1|108418|1627003|4|104081|65050|6|19930429|REG AIR
195|1|7|85|2|19950407|2-HIGH|0|6|591048|13818043|4|567406|59104|2|19950705|REG AIR
195|2|7|94|2|19950407|2-HIGH|0|41|4075769|13818043|5|3871980|59645|7|19950522|TRUCK
195|3|7|86|1|19950407|2-HIGH|0|34|3352672|13818043|8|3084458|59164|8|19950522|TRUCK
195|4|7|86|1|19950407|2-HIGH|0|41|4042928|13818043|6|3800352|59164|4|19950621|RAIL
195|5|7|10|2|19950407|2-HIGH|0|14|1274014|13818043|3|1235793|54600|1|19950701|REG AIR
195|6|7|186|2|19950407|2-HIGH|0|5|543090|13818043|1|537659|65170|5|19950529|TRUCK
196|1|23|136|2|19980102|4-NOT SPECI|0|19|1968647|10637254|3|1909587|62167|2|19980314|SHIP
196|2|23|10|1|19980102|4-NOT SPECI|0|15|1365015|10637254|3|1324064|54600|4|19980223|SHIP
196|3|23|180|2|19980102|4-NOT SPECI|0|12|1296216|10637254|4|1244367|64810|6|19980323|RAIL
196|4|23|112|1|19980102|4-NOT SPECI|0|41|4149651|10637254|4|3983664|60726|8|19980311|MAIL
196|5|23|97|1|19980102|4-NOT SPECI|0|16|1595344|10637254|0|1595344|59825|6|19980316|FOB
197|1|11|99|1|19960307|2-HIGH|0|39|3896451|4771866|2|3818521|59945|4|19960531|AIR
197|2|11|178|1|19960307|2-HIGH|0|8|862536|4771866|9|784907|64690|2|19960531|SHIP
198|1|1|57|1|19940618|4-NOT SPECI|0|33|3158265|13387774|7|2937186|57423|2|19940903|TRUCK
198|2|1|16|1|19940618|4-NOT SPECI|0|20|1832020|13387774|3|1777059|54960|0|19940914|FOB
198|3|1|149|2|19940618|4-NOT SPECI|0|15|1573710|13387774|4|1510761|62948|2|19940812|MAIL
198|4|1|11|1|19940618|4-NOT SPECI|0|35|3188535|13387774|8|2933452|54660|2|19940906|RAIL
198|5|1|102|1|19940618|4-NOT SPECI|0|33|3306930|13387774|2|3240791|60126|1|19940826|SHIP
198|6|1|91|1|19940618|4-NOT SPECI|0|8|792872|13387774|1|784943|59465|3|19940728|SHIP
199|1|7|133|2|19950525|1-URGENT|0|50|5165650|22556073|2|5062337|61987|0|19950821|MAIL
199|2|7|134|1|19950525|1-URGENT|0|30|3102390|22556073|8|2854198|62047|5|19950816|TRUCK
199|3|7|94|1|19950525|1-URGENT|0|36|3578724|22556073|5|3399787|59645|1|19950624|TRUCK
199|4|7|145|2|19950525|1-URGENT|0|5|522570|22556073|10|470313|62708|5|19950725|TRUCK
199|5|7|150|1|19950525|1-URGENT|0|43|4515645|22556073|4|4335019|63009|1|19950715|RAIL
199|6|7|144|2|19950525|1-URGENT|0|8|835312|22556073|8|768487|62648|8|19950810|MAIL
199|7|7|132|2|19950525|1-URGENT|0|50|5160650|22556073|2|5057437|61927|6|19950822|AIR
224|1|26|151|1|19930310|2-HIGH|0|16|1681840|20025879|4|1614566|63069|0|19930421|MAIL
224|2|26|109|1|19930310|2-HIGH|0|34|3430940|20025879|4|3293702|60546|8|19930517|TRUCK
224|3|26|190|2|19930310|2-HIGH|0|41|4469779|20025879|7|4156894|65411|4|19930607|SHIP
224|4|26|167|2|19930310|2-HIGH|0|12|1280592|20025879|8|1178144|64029|6|19930521|MAIL
224|5|26|94|2|19930310|2-HIGH|0|45|4473405|20025879|7|4160266|59645|7|19930525|AIR
224|6|26|51|2|19930310|2-HIGH|0|4|380420|20025879|2|372811|57063|0|19930516|FOB
224|7|26|105|1|19930310|2-HIGH|0|44|4422440|20025879|4|4245542|60306|5|19930605|AIR
225|1|2|172|1|19951110|5-LOW|0|4|428868|751673|9|390269|64330|7|19960204|SHIP
225|2|2|131|2|19951110|5-LOW|0|3|309339|751673|0|309339|61867|8|19951224|REG AIR
226|1|10|97|1|19930225|1-URGENT|0|4|398836|398836|0|398836|59825|0|19930417|TRUCK
227|1|23|166|2|19931229|1-URGENT|0|19|2025704|15940469|5|1924418|63969|6|19940320|RAIL
227|2|23|175|2|19931229|1-URGENT|0|24|2580408|15940469|7|2399779|64510|7|19940211|SHIP
227|3|23|130|2|19931229|1-URGENT|0|32|3296416|15940469|2|3230487|61807|4|19940226|RAIL
227|4|23|135|2|19931229|1-URGENT|0|47|4865111|15940469|7|4524553|62107|8|19940222|MAIL
227|5|23|10|1|19931229|1-URGENT|0|20|1820020|15940469|1|1801819|54600|3|19940209|RAIL
227|6|23|181|1|19931229|1-URGENT|0|12|1297416|15940469|7|1206596|64870|2|19940304|SHIP
228|1|22|5|1|19931027|1-URGENT|0|3|271500|14530777|10|244350|54300|8|19931208|SHIP
228|2|22|73|1|19931027|1-URGENT|0|39|3794973|14530777|7|3529324|58384|6|19931216|MAIL
228|3|22|38|2|19931027|1-URGENT|0|30|2814090|14530777|9|2560821|56281|8|19940125|FOB
228|4|22|60|1|19931027|1-URGENT|0|9|864054|14530777|5|820851|57603|8|19940110|SHIP
228|5|22|158|1|19931027|1-URGENT|0|29|3068635|14530777|1|3037948|63489|0|19931126|RAIL
228|6|22|29|1|19931027|1-URGENT|0|41|3808982|14530777|5|3618532|55741|6|19940101|AIR
229|1|19|84|2|19940929|2-HIGH|0|20|1968160|7844515|2|1928796|59044|3|19941101|REG AIR
229|2|19|129|1|19940929|2-HIGH|0|29|2984448|7844515|7|2775536|61747|0|19941201|SHIP
229|3|19|79|1|19940929|2-HIGH|0|28|2741396|7844515|2|2686568|58744|2|19941103|FOB
229|4|19|177|2|19940929|2-HIGH|0|3|323151|7844515|2|316687|64630|8|19941223|REG AIR
230|1|25|186|2|19931019|4-NOT SPECI|0|46|4996428|5324651|9|4546749|65170|0|19940107|SHIP
230|2|25|195|1|19931019|4-NOT SPECI|0|6|657114|5324651|3|637400|65711|8|19940117|REG AIR
230|3|25|8|2|19931019|4-NOT SPECI|0|1|90800|5324651|7|84444|54480|6|19931226|RAIL
231|1|25|159|1|19980328|3-MEDIUM|0|16|1694640|1757002|4|1626854|63549|8|19980427|AIR
256|1|10|89|1|19931229|1-URGENT|0|22|2175976|12551354|9|1980138|59344|2|19940309|FOB
256|2|10|119|2|19931229|1-URGENT|0|40|4076440|12551354|10|3668796|61146|1|19940222|FOB
256|3|10|130|2|19931229|1-URGENT|0|45|4635585|12551354|2|4542873|61807|8|19940329|SHIP
256|4|10|159|2|19931229|1-URGENT|0|3|317745|12551354|9|289147|63549|6|19940326|SHIP
256|5|10|88|1|19931229|1-URGENT|0|12|1185696|12551354|8|1090840|59284|6|19940223|REG AIR
256|6|10|33|1|19931229|1-URGENT|0|5|466515|12551354|3|452519|55981|1|19940201|SHIP
257|1|10|147|1|19930929|4-NOT SPECI|0|7|732998|11165660|5|696348|62828|2|19931116|FOB
257|2|10|55|1|19930929|4-NOT SPECI|0|19|1814595|11165660|3|1760157|57303|1|19931103|RAIL
257|3|10|65|2|19930929|4-NOT SPECI|0|38|3667228|11165660|10|3300505|57903|8|19931218|TRUCK
257|4|10|107|2|19930929|4-NOT SPECI|0|18|1812780|11165660|0|1812780|60426|6|19931110|SHIP
257|5|10|41|2|19930929|4-NOT SPECI|0|35|3293640|11165660|5|3128958|56462|2|19931225|REG AIR
258|1|22|107|2|19961210|3-MEDIUM|0|8|805680|15099263|0|805680|60426|7|19970302|REG AIR
258|2|22|197|2|19961210|3-MEDIUM|0|40|4388760|15099263|10|3949884|65831|1|19970204|FOB
258|3|22|162|1|19961210|3-MEDIUM|0|45|4779720|15099263|7|4445139|63729|7|19970125|TRUCK
258|4|22|133|1|19961210|3-MEDIUM|0|31|3202703|15099263|2|3138648|61987|5|19970301|REG AIR
258|5|22|36|1|19961210|3-MEDIUM|0|25|2340075|15099263|8|2152869|56161|2|19970207|TRUCK
259|1|10|99|1|19930629|3-MEDIUM|0|14|1398726|9504134|0|1398726|59945|8|19930908|SHIP
259|2|10|162|1|19930629|3-MEDIUM|0|14|1487024|9504134|3|1442413|63729|5|19930820|FOB
259|3|10|24|1|19930629|3-MEDIUM|0|42|3880884|9504134|9|3531604|55441|0|19930818|TRUCK
259|4|10|196|2|19930629|3-MEDIUM|0|3|328857|9504134|8|302548|65771|6|19930807|SHIP
259|5|10|193|2|19930629|3-MEDIUM|0|6|655914|9504134|0|655914|65591|5|19930921|TRUCK
259|6|10|114|2|19930629|3-MEDIUM|0|20|2028220|9504134|9|1845680|60846|5|19930814|RAIL
260|1|7|156|1|19951125|4-NOT SPECI|0|50|5280750|10866759|7|4911097|63369|8|19960125|REG AIR
260|2|7|183|1|19951125|4-NOT SPECI|0|26|2816268|10866759|2|2759942|64990|7|19960122|TRUCK
260|3|7|42|2|19951125|4-NOT SPECI|0|27|2543508|10866759|5|2416332|56522|8|19960131|RAIL
261|1|25|2|2|19940517|2-HIGH|0|34|3066800|8044655|5|2913460|54120|8|19940812|REG AIR
261|2|25|66|1|19940517|2-HIGH|0|20|1932120|8044655|0|1932120|57963|6|19940620|RAIL
261|3|25|174|2|19940517|2-HIGH|0|28|3007676|8044655|8|2767061|64450|3|19940708|AIR
262|1|2|192|1|19970221|1-URGENT|0|39|4259541|18540480|1|4216945|65531|5|19970517|RAIL
262|2|2|61|2|19970221|1-URGENT|0|33|3171498|18540480|9|2886063|57663|3|19970429|AIR
262|3|2|59|2|19970221|1-URGENT|0|35|3356675|18540480|5|3188841|57543|8|19970513|MAIL
262|4|2|87|1|19970221|1-URGENT|0|28|2763824|18540480|4|2653271|59224|2|19970417|AIR
262|5|2|131|1|19970221|1-URGENT|0|47|4846311|18540480|1|4797847|61867|4|19970503|REG AIR
263|1|22|24|1|19970210|3-MEDIUM|0|22|2032844|13859577|6|1910873|55441|8|19970316|FOB
263|2|22|85|2|19970210|3-MEDIUM|0|9|886572|13859577|8|815646|59104|0|19970411|TRUCK
263|3|22|143|2|19970210|3-MEDIUM|0|50|5215700|13859577|6|4902758|62588|4|19970426|TRUCK
263|4|22|168|1|19970210|3-MEDIUM|0|49|5233984|13859577|9|4762925|64089|0|19970422|FOB
263|5|22|36|2|19970210|3-MEDIUM|0|13|1216839|13859577|9|1107323|56161|1|19970410|MAIL
288|1|25|51|2|19940101|4-NOT SPECI|0|31|2948255|13297490|0|2948255|57063|3|19940308|AIR
288|2|25|117|1|19940101|4-NOT SPECI|0|49|4983839|13297490|8|4585131|61026|5|19940329|TRUCK
288|3|25|99|1|19940101|4-NOT SPECI|0|36|3596724|13297490|2|3524789|59945|2|19940317|TRUCK
288|4|25|79|1|19940101|4-NOT SPECI|0|19|1860233|13297490|7|1730016|58744|7|19940212|MAIL
289|1|29|174|2|19940313|1-URGENT|0|25|2685425|7143555|7|2497445|64450|5|19940605|FOB
289|2|29|112|2|19940313|1-URGENT|0|6|607266|7143555|6|570830|60726|5|19940608|SHIP
289|3|29|17|2|19940313|1-URGENT|0|44|4034844|7143555|10|3631359|55020|8|19940521|MAIL
290|1|5|6|2|19920113|2-HIGH|0|35|3171000|3405428|1|3139290|54360|2|19920217|MAIL
290|2|5|129|1|19920113|2-HIGH|0|2|205824|3405428|5|195532|61747|4|19920225|TRUCK
291|1|7|123|2|19921002|2-HIGH|0|21|2148552|6681705|5|2041124|61387|7|19921129|TRUCK
291|2|7|138|1|19921002|2-HIGH|0|19|1972447|6681705|8|1814651|62287|2|19921114|REG AIR
291|3|7|61|2|19921002|2-HIGH|0|30|2883180|6681705|10|2594862|57663|2|19921119|FOB
292|1|11|154|1|19930716|3-MEDIUM|0|8|843320|781757|10|758988|63249|3|19931001|RAIL
293|1|4|9|2|19940929|2-HIGH|0|14|1272600|5852054|2|1247148|54540|5|19941220|SHIP
293|2|4|187|1|19940929|2-HIGH|0|11|1195898|5852054|10|1076308|65230|4|19941128|MAIL
293|3|4|118|2|19940929|2-HIGH|0|13|1323543|5852054|4|1270601|61086|2|19941223|RAIL
293|4|4|107|1|19940929|2-HIGH|0|21|2114910|5852054|6|1988015|60426|7|19941210|AIR
294|1|1|60|2|19971121|2-HIGH|0|31|2976186|6884888|0|2976186|57603|1|19971225|AIR
294|2|1|25|1|19971121|2-HIGH|0|43|3977586|6884888|8|3659379|55501|6|19971223|MAIL
295|1|25|198|1|19930321|3-MEDIUM|0|29|3184751|5890071|2|3121055|65891|7|19930530|MAIL
295|2|25|92|2|19930321|3-MEDIUM|0|26|2579434|5890071|4|2476256|59525|3|19930522|AIR
320|1|28|5|2|19920319|1-URGENT|0|30|2715000|16974155|5|2579250|54300|1|19920519|RAIL
320|2|28|193|1|19920319|1-URGENT|0|13|1421147|16974155|3|1378512|65591|0|19920423|AIR
320|3|28|184|2|19920319|1-URGENT|0|45|4878810|16974155|8|4488505|65050|2|19920520|FOB
320|4|28|199|2|19920319|1-URGENT|0|5|549595|16974155|5|522115|65951|4|19920512|FOB
320|5|28|186|2|19920319|1-URGENT|0|16|1737888|16974155|0|1737888|65170|0|19920610|FOB
320|6|28|76|1|19920319|1-URGENT|0|22|2147354|16974155|10|1932618|58564|7|19920509|REG AIR
320|7|28|69|2|19920319|1-URGENT|0|42|4070052|16974155|4|3907249|58143|4|19920614|RAIL
321|1|8|1|2|19940326|1-URGENT|0|21|1892100|7549416|1|1873179|54060|8|19940429|REG AIR
321|2|8|141|2|19940326|1-URGENT|0|41|4268674|7549416|8|3927180|62468|7|19940612|REG AIR
321|3|8|52|1|19940326|1-URGENT|0|13|1237665|7549416|0|1237665|57123|7|19940425|MAIL
322|1|22|153|2|19920320|1-URGENT|0|12|1263780|1244064|8|1162677|63189|7|19920531|AIR
323|1|10|164|2|19931017|5-LOW|0|50|5320800|7968342|5|5054760|63849|4|19931116|REG AIR
323|2|10|96|1|19931017|5-LOW|0|18|1792962|7968342|6|1685384|59765|7|19931224|TRUCK
323|3|10|143|1|19931017|5-LOW|0|9|938826|7968342|7|873108|62588|4|19940101|TRUCK
324|1|16|200|2|19950604|2-HIGH|0|26|2860520|13010729|7|2660283|66012|1|19950812|RAIL
324|2|16|176|2|19950604|2-HIGH|0|32|3443744|13010729|3|3340431|64570|5|19950727|FOB
324|3|16|58|1|19950604|2-HIGH|0|29|2778345|13010729|2|2722778|57483|6|19950729|FOB
324|4|16|169|1|19950604|2-HIGH|0|26|2779816|13010729|5|2640825|64149|2|19950813|REG AIR
324|5|16|25|1|19950604|2-HIGH|0|10|925020|13010729|6|869518|55501|1|19950713|REG AIR
324|6|16|29|1|19950604|2-HIGH|0|2|185804|13010729|10|167223|55741|0|19950811|FOB
324|7|16|131|1|19950604|2-HIGH|0|2|206226|13010729|10|185603|61867|3|19950812|MAIL
325|1|29|159|2|19950417|5-LOW|0|34|3601110|3953568|9|3277010|63549|4|19950613|MAIL
325|2|29|186|1|19950417|5-LOW|0|5|543090|3953568|7|505073|65170|8|19950706|MAIL
326|1|22|180|2|19940308|2-HIGH|0|41|4428738|4287903|6|4163013|64810|3|19940412|TRUCK
327|1|1|144|2|19931231|5-LOW|0|16|1670624|15549212|3|1620505|62648|1|19940220|TRUCK
327|2|1|42|1|19931231|5-LOW|0|9|847836|15549212|9|771530|56522|5|19940326|AIR
327|3|1|101|1|19931231|5-LOW|0|33|3303630|15549212|4|3171484|60066|3|19940224|TRUCK
327|4|1|21|1|19931231|5-LOW|0|46|4236692|15549212|1|4194325|55261|1|19940326|FOB
327|5|1|30|1|19931231|5-LOW|0|3|279009|15549212|4|267848|55801|7|19940228|TRUCK
327|6|1|193|2|19931231|5-LOW|0|50|5465950|15549212|10|4919355|65591|8|19940228|TRUCK
352|1|28|64|1|19960314|2-HIGH|0|17|1638902|12356580|7|1524178|57843|5|19960606|FOB
352|2|28|33|1|19960314|2-HIGH|0|1|93303|12356580|8|85838|55981|4|19960514|REG AIR
352|3|28|43|1|19960314|2-HIGH|0|22|2074688|12356580|9|1887966|56582|5|19960530|REG AIR
352|4|28|159|2|19960314|2-HIGH|0|12|1270980|12356580|3|1232850|63549|1|19960418|FOB
352|5|28|114|1|19960314|2-HIGH|0|27|2738097|12356580|8|2519049|60846|1|19960503|MAIL
352|6|28|132|2|19960314|2-HIGH|0|24|2477112|12356580|7|2303714|61927|7|19960416|AIR
352|7|28|89|2|19960314|2-HIGH|0|25|2472700|12356580|9|2250157|59344|8|19960510|REG AIR
353|1|16|120|2|19940614|5-LOW|0|41|4182492|7199482|0|4182492|61207|6|19940912|AIR
353|2|16|148|1|19940614|5-LOW|0|29|3039606|7199482|9|2766041|62888|0|19940831|FOB
354|1|29|50|1|19940630|4-NOT SPECI|0|14|1330070|10937434|8|1223664|57003|4|19940919|SHIP
354|2|29|194|2|19940630|4-NOT SPECI|0|24|2626056|10937434|1|2599795|65651|1|19940902|AIR
354|3|29|59|1|19940630|4-NOT SPECI|0|50|4795250|10937434|8|4411630|57543|5|19940905|TRUCK
354|4|29|107|2|19940630|4-NOT SPECI|0|7|704970|10937434|6|662671|60426|1|19940804|MAIL
354|5|29|31|1|19940630|4-NOT SPECI|0|18|1675854|10937434|4|1608819|55861|8|19940829|RAIL
355|1|13|114|2|19961009|2-HIGH|0|31|3143741|8917425|9|2860804|60846|7|19961213|FOB
355|2|13|97|2|19961009|2-HIGH|0|41|4088069|8917425|5|3883665|59825|0|19961113|TRUCK
355|3|13|173|2|19961009|2-HIGH|0|20|2146340|8917425|9|1953169|64390|1|19961213|FOB
356|1|1|46|1|19930920|2-HIGH|0|4|378416|21043921|10|340574|56762|1|19931022|REG AIR
356|2|1|108|2|19930920|2-HIGH|0|48|4838880|21043921|2|4742102|60486|3|19931021|FOB
356|3|1|119|1|19930920|2-HIGH|0|35|3566885|21043921|8|3281534|61146|7|19931021|TRUCK
356|4|1|56|2|19930920|2-HIGH|0|41|3919805|21043921|7|3645418|57363|5|19931211|SHIP
356|5|1|125|2|19930920|2-HIGH|0|37|3792944|21043921|5|3603296|61507|3|19931114|FOB
356|6|1|20|1|19930920|2-HIGH|0|3|276006|21043921|4|264965|55201|8|19931205|REG AIR
356|7|1|149|1|19930920|2-HIGH|0|42|4406388|21043921|5|4186068|62948|7|19931116|AIR
357|1|16|114|1|19941219|3-MEDIUM|0|26|2636686|19537552|6|2478484|60846|3|19950205|FOB
357|2|16|186|1|19941219|3-MEDIUM|0|36|3910248|19537552|7|3636530|65170|6|19950123|AIR
357|3|16|165|2|19941219|3-MEDIUM|0|32|3408512|19537552|5|3238086|63909|7|19950310|MAIL
357|4|16|105|1|19941219|3-MEDIUM|0|37|3718870|19537552|0|3718870|60306|8|19950219|RAIL
357|5|16|33|2|19941219|3-MEDIUM|0|19|1772757|19537552|5|1684119|55981|3|19950316|AIR
357|6|16|77|2|19941219|3-MEDIUM|0|39|3810573|19537552|4|3658150|58624|7|19950120|FOB
358|1|23|191|1|19920303|5-LOW|0|41|4473879|14932155|6|4205446|65471|1|19920427|TRUCK
358|2|23|190|2|19920303|5-LOW|0|32|3488608|14932155|5|3314177|65411|8|19920525|TRUCK
358|3|23|169|2|19920303|5-LOW|0|40|4276640|14932155|9|3891742|64149|1|19920417|MAIL
358|4|23|97|2|19920303|5-LOW|0|15|1495635|14932155|8|1375984|59825|8|19920530|MAIL
358|5|23|29|2|19920303|5-LOW|0|18|1672236|14932155|1|1655513|55741|2|19920414|SHIP
359|1|7|166|1|19960322|5-LOW|0|30|3198480|5145224|0|3198480|63969|8|19960524|AIR
359|2|7|12|2|19960322|5-LOW|0|18|1641618|5145224|0|1641618|54720|3|19960619|RAIL
384|1|13|179|2|19950125|2-HIGH|0|38|4100846|9711495|7|3813786|64750|1|19950312|TRUCK
384|2|13|64|1|19950125|2-HIGH|0|49|4723894|9711495|9|4298743|57843|7|19950319|AIR
384|3|13|182|2|19950125|2-HIGH|0|11|1190398|9711495|2|1166590|64930|8|19950315|MAIL
385|1|1|167|1|19970126|4-NOT SPECI|0|7|747012|11766640|5|709661|64029|6|19970315|REG AIR
385|2|1|54|2|19970126|4-NOT SPECI|0|46|4388630|11766640|8|4037539|57243|7|19970323|REG AIR
385|3|1|191|2|19970126|4-NOT SPECI|0|44|4801236|11766640|6|4513161|65471|1|19970410|TRUCK
385|4|1|62|1|19970126|4-NOT SPECI|0|18|1731708|11766640|4|1662439|57723|2|19970309|RAIL
385|5|1|119|1|19970126|4-NOT SPECI|0|4|407644|11766640|0|407644|61146|8|19970321|FOB
386|1|10|153|2|19921216|4-NOT SPECI|0|39|4107285|9038040|10|3696556|63189|7|19930119|SHIP
386|2|10|69|2|19921216|4-NOT SPECI|0|16|1550496|9038040|6|1457466|58143|1|19930309|MAIL
386|3|10|131|1|19921216|4-NOT SPECI|0|37|3815181|9038040|9|3471814|61867|4|19930120|MAIL
387|1|26|137|2|19940217|2-HIGH|0|1|103713|98277|8|95415|62227|3|19940515|SHIP
388|1|22|33|2|19980407|5-LOW|0|42|3918726|24030964|5|3722789|55981|6|19980618|FOB
388|2|22|128|1|19980407|5-LOW|0|46|4729352|24030964|7|4398297|61687|1|19980518|FOB
388|3|22|65|2|19980407|5-LOW|0|40|3860240|24030964|6|3628625|57903|1|19980520|REG AIR
388|4|22|12|2|19980407|5-LOW|0|28|2553628|24030964|6|2400410|54720|8|19980622|FOB
388|5|22|90|1|19980407|5-LOW|0|39|3861351|24030964|10|3475215|59405|7|19980517|TRUCK
388|6|22|11|2|19980407|5-LOW|0|25|2277525|24030964|2|2231974|54660|6|19980516|SHIP
388|7|22|13|2|19980407|5-LOW|0|39|3560739|24030964|10|3204665|54780|3|19980520|TRUCK
389|1|23|190|1|19941117|2-HIGH|0|2|218038|198414|9|198414|65411|0|19950108|RAIL
390|1|10|107|1|19930927|5-LOW|0|10|1007100|7539322|2|986958|60426|5|19931226|SHIP
390|2|10|124|2|19930927|5-LOW|0|17|1741004|7539322|9|1584313|61447|6|19931204|SHIP
390|3|10|184|2|19930927|5-LOW|0|46|4987228|7539322|7|4638122|65050|4|19931109|SHIP
391|1|11|122|2|19940206|3-MEDIUM|0|14|1430968|3222932|9|1302180|61327|2|19940425|TRUCK
391|2|11|85|1|19940206|3-MEDIUM|0|9|886572|3222932|3|859974|59104|4|19940317|FOB
391|3|11|19|1|19940206|3-MEDIUM|0|6|551406|3222932|3|534863|55140|4|19940326|TRUCK
391|4|11|16|2|19940206|3-MEDIUM|0|5|458005|3222932|4|439684|54960|1|19940328|SHIP
416|1|19|94|1|19950413|4-NOT SPECI|0|25|2485225|7136250|0|2485225|59645|5|19950612|TRUCK
416|2|19|111|2|19950413|4-NOT SPECI|0|22|2224442|7136250|10|2001997|60666|0|19950703|RAIL
416|3|19|175|1|19950413|4-NOT SPECI|0|25|2687925|7136250|7|2499770|64510|1|19950619|AIR
417|1|25|40|1|19961001|3-MEDIUM|0|39|3666156|9835621|1|3629494|56402|2|19961225|SHIP
417|2|25|70|2|19961001|3-MEDIUM|0|18|1746126|9835621|0|1746126|58204|1|19961203|FOB
417|3|25|45|1|19961001|3-MEDIUM|0|41|3874664|9835621|10|3487197|56702|1|19961031|RAIL
417|4|25|132|1|19961001|3-MEDIUM|0|2|206426|9835621|1|204361|61927|3|19961212|SHIP
417|5|25|166|2|19961001|3-MEDIUM|0|6|639696|9835621|6|601314|63969|6|19961209|SHIP
418|1|19|19|1|19951031|4-NOT SPECI|0|31|2848931|18455129|0|2848931|55140|3|19960105|FOB
418|2|19|2|1|19951031|4-NOT SPECI|0|1|90200|18455129|4|86592|54120|7|19960103|AIR
418|3|19|35|1|19951031|4-NOT SPECI|0|3|280509|18455129|4|269288|56101|6|19960129|AIR
418|4|19|169|2|19951031|4-NOT SPECI|0|42|4490472|18455129|3|4355757|64149|8|19951221|AIR
418|5|19|129|2|19951031|4-NOT SPECI|0|45|4631040|18455129|8|4260556|61747|6|19960108|FOB
418|6|19|100|1|19951031|4-NOT SPECI|0|33|3300330|18455129|7|3069306|60006|8|19951203|MAIL
418|7|19|94|1|19951031|4-NOT SPECI|0|26|2584634|18455129|3|2507094|59645|4|19951206|RAIL
419|1|8|153|2|19920222|5-LOW|0|33|3475395|3367657|5|3301625|63189|2|19920517|TRUCK
420|1|16|101|2|19970531|4-NOT SPECI|0|5|500550|8159048|4|480528|60066|3|19970802|REG AIR
420|2|16|162|2|19970531|4-NOT SPECI|0|22|2336752|8159048|5|2219914|63729|4|19970716|AIR
420|3|16|48|2|19970531|4-NOT SPECI|0|45|4266180|8159048|9|3882223|56882|8|19970801|FOB
420|4|16|75|1|19970531|4-NOT SPECI|0|12|1170084|8159048|8|1076477|58504|8|19970803|REG AIR
421|1|22|134|1|19960601|1-URGENT|0|1|103413|108438|2|101344|62047|7|19960805|TRUCK
422|1|29|152|1|19950821|3-MEDIUM|0|25|2630375|14362172|10|2367337|63129|7|19951107|SHIP
422|2|29|171|1|19950821|3-MEDIUM|0|10|1071170|14362172|2|1049746|64270|3|19951025|AIR
422|3|29|176|2|19950821|3-MEDIUM|0|46|4950382|14362172|9|4504847|64570|0|19951004|RAIL
422|4|29|162|2|19950821|3-MEDIUM|0|25|2655400|14362172|10|2389860|63729|4|19950929|FOB
422|5|29|179|1|19950821|3-MEDIUM|0|36|3885012|14362172|7|3613061|64750|4|19951017|FOB
423|1|20|132|2|19950720|2-HIGH|0|27|2786751|10971819|6|2619545|61927|3|19950919|SHIP
423|2|20|74|2|19950720|2-HIGH|0|31|3019617|10971819|10|2717655|58444|4|19951001|MAIL
423|3|20|91|2|19950720|2-HIGH|0|38|3766142|10971819|6|3540173|59465|3|19951011|SHIP
423|4|20|140|1|19950720|2-HIGH|0|17|1768238|10971819|3|1715190|62408|5|19950914|SHIP
448|1|10|126|1|19950305|4-NOT SPECI|0|4|410448|16674187|0|410448|61567|4|19950504|MAIL
448|2|10|173|2|19950305|4-NOT SPECI|0|46|4936582|16674187|5|4689752|64390|0|19950414|SHIP
448|3|10|27|2|19950305|4-NOT SPECI|0|35|3244570|16674187|10|2920113|55621|8|19950603|REG AIR
448|4|10|170|1|19950305|4-NOT SPECI|0|8|856136|16674187|10|770522|64210|0|19950430|TRUCK
448|5|10|138|1|19950305|4-NOT SPECI|0|23|2387699|16674187|2|2339945|62287|5|19950517|SHIP
448|6|10|106|1|19950305|4-NOT SPECI|0|49|4929890|16674187|0|4929890|60366|5|19950527|MAIL
449|1|20|152|2|19980525|5-LOW|0|12|1262580|4160563|2|1237328|63129|8|19980630|SHIP
449|2|20|109|2|19980525|5-LOW|0|4|403640|4160563|10|363276|60546|6|19980720|FOB
449|3|20|10|1|19980525|5-LOW|0|3|273003|4160563|7|253892|54600|8|19980717|RAIL
449|4|20|158|2|19980525|5-LOW|0|22|2327930|4160563|7|2164974|63489|0|19980710|FOB
450|1|13|162|2|19971014|1-URGENT|0|42|4461072|4327239|3|4327239|63729|0|19980107|SHIP
451|1|10|130|2|19970526|5-LOW|0|36|3708468|17777285|2|3634298|61807|6|19970815|AIR
451|2|10|33|2|19970526|5-LOW|0|42|3918726|17777285|5|3722789|55981|1|19970806|TRUCK
451|3|10|87|1|19970526|5-LOW|0|1|98708|17777285|7|91798|59224|5|19970704|AIR
451|4|10|77|2|19970526|5-LOW|0|28|2735796|17777285|4|2626364|58624|5|19970710|SHIP
451|5|10|94|1|19970526|5-LOW|0|36|3578724|17777285|0|3578724|59645|0|19970806|FOB
451|6|10|57|1|19970526|5-LOW|0|39|3732495|17777285|1|3695170|57423|1|19970630|TRUCK
452|1|10|115|1|19951227|5-LOW|0|2|203022|200748|4|194901|60906|3|19960317|FOB
453|1|4|198|2|19961204|1-URGENT|0|45|4941855|16036895|1|4892436|65891|0|19970228|REG AIR
453|2|4|176|2|19961204|1-URGENT|0|38|4089446|16036895|8|3762290|64570|4|19970116|REG AIR
453|3|4|14|2|19961204|1-URGENT|0|38|3473238|16036895|10|3125914|54840|1|19970201|SHIP
453|4|4|96|1|19961204|1-URGENT|0|45|4482405|16036895|10|4034164|59765|1|19970107|AIR
454|1|16|118|2|19930508|5-LOW|0|24|2443464|2319824|6|2296856|61086|1|19930803|TRUCK
455|1|7|157|2|19921008|2-HIGH|0|42|4440030|15546301|10|3996027|63429|2|19921114|REG AIR
455|2|7|28|1|19921008|2-HIGH|0|44|4083288|15546301|5|3879123|55681|8|19921227|TRUCK
455|3|7|49|2|19921008|2-HIGH|0|45|4270680|15546301|4|4099852|56942|6|19921205|SHIP
455|4|7|171|2|19921008|2-HIGH|0|11|1178287|15546301|1|1166504|64270|2|19921219|MAIL
455|5|7|180|2|19921008|2-HIGH|0|16|1728288|15546301|1|1711005|64810|2|19921116|SHIP
480|1|26|53|1|19960326|1-URGENT|0|22|2096710|18785231|4|2012841|57183|2|19960615|MAIL
480|2|26|49|1|19960326|1-URGENT|0|36|3416544|18785231|8|3143220|56942|6|19960425|REG AIR
480|3|26|194|1|19960326|1-URGENT|0|18|1969542|18785231|4|1890760|65651|0|19960501|RAIL
480|4|26|84|2|19960326|1-URGENT|0|49|4821992|18785231|9|4388012|59044|0|19960607|FOB
480|5|26|70|1|19960326|1-URGENT|0|26|2522182|18785231|2|2471738|58204|4|19960529|MAIL
480|6|26|196|1|19960326|1-URGENT|0|40|4384760|18785231|3|4253217|65771|7|19960502|MAIL
481|1|7|19|2|19950711|2-HIGH|0|17|1562317|7684400|7|1452954|55140|5|19950911|MAIL
481|2|7|21|1|19950711|2-HIGH|0|19|1749938|7684400|8|1609942|55261|1|19950830|AIR
481|3|7|186|1|19950711|2-HIGH|0|42|4561956|7684400|8|4196999|65170|8|19950814|RAIL
482|1|11|138|1|19970103|3-MEDIUM|0|32|3322016|13663434|0|3322016|62287|2|19970221|SHIP
482|2|11|122|2|19970103|3-MEDIUM|0|1|102212|13663434|5|97101|61327|8|19970227|AIR
482|3|11|62|2|19970103|3-MEDIUM|0|31|2982386|13663434|4|2863090|57723|3|19970213|MAIL
482|4|11|196|1|19970103|3-MEDIUM|0|8|876952|13663434|2|859412|65771|5|19970212|TRUCK
482|5|11|39|2|19970103|3-MEDIUM|0|46|4319538|13663434|1|4276342|56341|6|19970315|MAIL
482|6|11|79|1|19970103|3-MEDIUM|0|19|1860233|13663434|4|1785823|58744|0|19970202|FOB
483|1|22|33|1|19970326|2-HIGH|0|8|746424|3979305|0|746424|55981|8|19970508|RAIL
483|2|22|80|1|19970326|2-HIGH|0|23|2254184|3979305|4|2164016|58804|6|19970426|MAIL
483|3|22|88|1|19970326|2-HIGH|0|9|889272|3979305|4|853701|59284|3|19970518|AIR
484|1|11|31|2|19960311|4-NOT SPECI|0|49|4562047|21992062|10|4105842|55861|2|19960506|TRUCK
484|2|11|32|2|19960311|4-NOT SPECI|0|45|4194135|21992062|6|3942486|55921|7|19960526|TRUCK
484|3|11|184|1|19960311|4-NOT SPECI|0|50|5420900|21992062|6|5095646|65050|5|19960602|MAIL
484|4|11|165|1|19960311|4-NOT SPECI|0|22|2343352|21992062|7|2179317|63909|3|19960601|SHIP
484|5|11|77|2|19960311|4-NOT SPECI|0|48|4689936|21992062|0|4689936|58624|5|19960416|MAIL
484|6|11|97|1|19960311|4-NOT SPECI|0|10|997090|21992062|1|987119|59825|8|19960422|FOB
485|1|22|150|1|19920818|1-URGENT|0|50|5250750|8647506|1|5198242|63009|0|19921018|MAIL
485|2|22|28|2|19920818|1-URGENT|0|40|3712080|8647506|8|3415113|55681|1|19920930|TRUCK
486|1|13|76|1|19950520|5-LOW|0|36|3513852|22184734|0|3513852|58564|1|19950715|AIR
486|2|13|68|1|19950520|5-LOW|0|40|3872240|22184734|3|3756072|58083|8|19950815|SHIP
486|3|13|136|1|19950520|5-LOW|0|26|2693938|22184734|4|2586180|62167|3|19950803|RAIL
486|4|13|72|2|19950520|5-LOW|0|38|3693866|22184734|8|3398356|58324|5|19950705|TRUCK
486|5|13|29|2|19950520|5-LOW|0|3|278706|22184734|7|259196|55741|5|19950629|RAIL
486|6|13|47|1|19950520|5-LOW|0|46|4356384|22184734|0|4356384|56822|3|19950711|AIR
486|7|13|45|2|19950520|5-LOW|0|38|3591152|22184734|3|3483417|56702|3|19950630|AIR
487|1|13|92|1|19950501|2-HIGH|0|47|4662823|4850279|6|4383053|59525|6|19950621|TRUCK
487|2|13|83|1|19950501|2-HIGH|0|2|196616|4850279|2|192683|58984|6|19950718|TRUCK
512|1|16|189|1|19960404|2-HIGH|0|19|2069442|10614613|8|1903886|65350|5|19960526|MAIL
512|2|16|23|2|19960404|2-HIGH|0|37|3415174|10614613|1|3381022|55381|4|19960520|RAIL
512|3|16|180|1|19960404|2-HIGH|0|40|4320720|10614613|5|4104684|64810|2|19960523|TRUCK
512|4|16|83|2|19960404|2-HIGH|0|10|983080|10614613|9|894602|58984|2|19960613|AIR
513|1|29|62|2|19930829|4-NOT SPECI|0|20|1924120|19430480|9|1750949|57723|7|19930928|AIR
513|2|29|122|2|19930829|4-NOT SPECI|0|44|4497328|19430480|1|4452354|61327|1|19931111|MAIL
513|3|29|196|1|19930829|4-NOT SPECI|0|31|3398189|19430480|9|3092351|65771|2|19931016|FOB
513|4|29|36|1|19930829|4-NOT SPECI|0|29|2714487|19430480|5|2578762|56161|0|19931003|RAIL
513|5|29|24|2|19930829|4-NOT SPECI|0|49|4527698|19430480|3|4391867|55441|7|19930929|RAIL
513|6|29|121|2|19930829|4-NOT SPECI|0|26|2654912|19430480|2|2601813|61267|1|19931122|RAIL
514|1|10|79|1|19980421|2-HIGH|0|21|2056047|1971337|6|1932684|58744|2|19980601|RAIL
515|1|2|105|1|19970407|5-LOW|0|10|1005100|12756435|3|974947|60306|2|19970612|FOB
515|2|2|148|2|19970407|5-LOW|0|38|3982932|12756435|10|3584638|62888|7|19970621|SHIP
515|3|2|183|2|19970407|5-LOW|0|11|1191498|12756435|0|1191498|64990|2|19970511|FOB
515|4|2|109|1|19970407|5-LOW|0|34|3430940|12756435|9|3122155|60546|3|19970604|REG AIR
515|5|2|131|1|19970407|5-LOW|0|32|3299616|12756435|1|3266619|61867|7|19970517|FOB
516|1|29|25|2|19980208|2-HIGH|0|11|1017522|22395874|1|1007346|55501|6|19980312|FOB
516|2|29|125|2|19980208|2-HIGH|0|22|2255264|22395874|3|2187606|61507|2|19980427|RAIL
516|3|29|118|1|19980208|2-HIGH|0|46|4683306|22395874|0|4683306|61086|4|19980404|FOB
516|4|29|163|1|19980208|2-HIGH|0|39|4146324|22395874|2|4063397|63789|4|19980428|REG AIR
516|5|29|42|2|19980208|2-HIGH|0|28|2637712|22395874|2|2584957|56522|4|19980322|MAIL
516|6|29|130|2|19980208|2-HIGH|0|30|3090390|22395874|10|2781351|61807|3|19980411|RAIL
516|7|29|51|1|19980208|2-HIGH|0|46|4374830|22395874|5|4156088|57063|7|19980503|RAIL
517|1|13|45|1|19971031|1-URGENT|0|28|2646112|8658980|3|2566728|56702|2|19971211|MAIL
517|2|13|156|1|19971031|1-URGENT|0|15|1584225|8658980|2|1552540|63369|0|19980119|TRUCK
517|3|13|41|1|19971031|1-URGENT|0|9|846936|8658980|4|813058|56462|0|19980109|SHIP
517|4|13|133|1|19971031|1-URGENT|0|11|1136443|8658980|6|1068256|61987|2|19971225|REG AIR
517|5|13|24|2|19971031|1-URGENT|0|23|2125246|8658980|0|2125246|55441|1|19971130|RAIL
517|6|13|17|2|19971031|1-URGENT|0|5|458505|8658980|7|426409|55020|3|19980110|AIR
518|1|19|165|1|19930217|2-HIGH|0|30|3195480|3120385|7|2971796|63909|5|19930405|TRUCK
519|1|13|159|2|19951107|2-HIGH|0|1|105915|3626011|7|98500|63549|7|19960202|REG AIR
519|2|13|3|1|19951107|2-HIGH|0|38|3431400|3626011|5|3259830|54180|8|19951222|FOB
544|1|29|139|1|19961101|2-HIGH|0|47|4883911|4762789|8|4493198|62347|6|19961209|SHIP
545|1|20|170|1|19960622|3-MEDIUM|0|4|428068|5674122|2|419506|64210|0|19960731|FOB
545|2|20|171|2|19960622|3-MEDIUM|0|18|1928106|5674122|0|1928106|64270|0|19960901|RAIL
545|3|20|142|1|19960622|3-MEDIUM|0|32|3334848|5674122|5|3168105|62528|5|19960728|TRUCK
546|1|25|85|2|19940921|1-URGENT|0|16|1576128|10639187|8|1450037|59104|2|19941119|TRUCK
546|2|25|20|2|19940921|1-URGENT|0|27|2484054|10639187|0|2484054|55201|7|19941028|RAIL
546|3|25|174|2|19940921|1-URGENT|0|42|4511514|10639187|1|4466398|64450|4|19941031|FOB
546|4|25|33|1|19940921|1-URGENT|0|13|1212939|10639187|5|1152292|55981|3|19941031|REG AIR
546|5|25|67|2|19940921|1-URGENT|0|5|483530|10639187|8|444847|58023|7|19941111|AIR
546|6|25|128|2|19940921|1-URGENT|0|2|205624|10639187|10|185061|61687|5|19941130|REG AIR
547|1|22|71|2|19920713|1-URGENT|0|44|4272708|14767747|8|3930891|58264|8|19920907|FOB
547|2|22|137|2|19920713|1-URGENT|0|48|4978224|14767747|1|4928441|62227|4|19920825|SHIP
547|3|22|182|2|19920713|1-URGENT|0|3|324654|14767747|5|308421|64930|2|19920822|SHIP
547|4|22|56|2|19920713|1-URGENT|0|44|4206620|14767747|4|4038355|57363|3|19921004|TRUCK
547|5|22|118|1|19920713|1-URGENT|0|9|916299|14767747|5|870484|61086|6|19920827|AIR
548|1|5|197|1|19950802|1-URGENT|0|2|219438|216584|6|206271|65831|5|19950917|MAIL
549|1|19|196|2|19950530|1-URGENT|0|18|1973142|9277615|7|1835022|65771|4|19950629|REG AIR
549|2|19|189|1|19950530|1-URGENT|0|38|4138884|9277615|7|3849162|65350|5|19950715|RAIL
549|3|19|66|1|19950530|1-URGENT|0|36|3477816|9277615|8|3199590|57963|4|19950828|AIR
550|1|7|191|1|19970513|3-MEDIUM|0|31|3382689|12461950|4|3247381|65471|2|19970708|AIR
550|2|7|77|2|19970513|3-MEDIUM|0|47|4592229|12461950|6|4316695|58624|0|19970807|TRUCK
550|3|7|119|2|19970513|3-MEDIUM|0|46|4687906|12461950|3|4547268|61146|2|19970729|TRUCK
550|4|7|140|1|19970513|3-MEDIUM|0|2|208028|12461950|10|187225|62408|4|19970718|RAIL
551|1|13|24|1|19941219|5-LOW|0|8|739216|2960260|8|680078|55441|2|19950206|REG AIR
551|2|13|159|2|19941219|5-LOW|0|20|2118300|2960260|0|2118300|63549|7|19950316|TRUCK
576|1|19|87|2|19970110|5-LOW|0|2|197416|738562|7|183596|59224|1|19970227|RAIL
576|2|19|34|2|19970110|5-LOW|0|6|560418|738562|6|526792|56041|5|19970325|TRUCK
577|1|14|26|2|19980311|2-HIGH|0|25|2315050|9412583|6|2176147|55561|1|19980513|AIR
577|2|14|64|2|19980311|2-HIGH|0|14|1349684|9412583|8|1241709|57843|3|19980518|RAIL
577|3|14|147|1|19980311|2-HIGH|0|11|1151854|9412583|4|1105779|62828|4|19980430|TRUCK
577|4|14|192|1|19980311|2-HIGH|0|4|436876|9412583|4|419400|65531|2|19980523|MAIL
577|5|14|22|2|19980311|2-HIGH|0|6|553212|9412583|3|536615|55321|0|19980418|RAIL
577|6|14|23|1|19980311|2-HIGH|0|46|4245892|9412583|10|3821302|55381|0|19980416|TRUCK
578|1|13|156|1|19970705|2-HIGH|0|40|4224600|10913854|2|4140108|63369|8|19970910|SHIP
578|2|13|188|2|19970705|2-HIGH|0|23|2502814|10913854|5|2377673|65290|8|19970826|FOB
578|3|13|122|2|19970705|2-HIGH|0|39|3986268|10913854|10|3587641|61327|8|19970921|RAIL
579|1|14|151|2|19970223|4-NOT SPECI|0|9|946035|8902239|0|946035|63069|5|19970412|RAIL
579|2|14|33|2|19970223|4-NOT SPECI|0|39|3638817|8902239|2|3566040|55981|1|19970518|REG AIR
579|3|14|60|2|19970223|4-NOT SPECI|0|6|576036|8902239|3|558754|57603|0|19970417|TRUCK
579|4|14|7|1|19970223|4-NOT SPECI|0|41|3718700|8902239|4|3569952|54420|5|19970415|REG AIR
580|1|10|85|2|19971021|1-URGENT|0|33|3250764|10074581|3|3153241|59104|5|19980105|FOB
580|2|10|174|1|19971021|1-URGENT|0|31|3329927|10074581|4|3196729|64450|8|19971225|FOB
580|3|10|185|1|19971021|1-URGENT|0|19|2061842|10074581|4|1979368|65110|4|19980107|FOB
580|4|10|138|1|19971021|1-URGENT|0|13|1349569|10074581|9|1228107|62287|2|19971227|AIR
581|1|10|64|2|19970319|3-MEDIUM|0|41|3952646|17229845|9|3596907|57843|7|19970430|MAIL
581|2|10|93|1|19970319|3-MEDIUM|0|14|1390326|17229845|6|1306906|59585|8|19970508|MAIL
581|3|10|101|2|19970319|3-MEDIUM|0|49|4905390|17229845|10|4414851|60066|2|19970518|MAIL
581|4|10|75|2|19970319|3-MEDIUM|0|30|2925210|17229845|10|2632689|58504|8|19970614|TRUCK
581|5|10|53|1|19970319|3-MEDIUM|0|49|4669945|17229845|1|4623245|57183|0|19970510|TRUCK
582|1|7|57|2|19960228|3-MEDIUM|0|7|669935|5182990|7|623039|57423|0|19960407|FOB
582|2|7|51|1|19960228|3-MEDIUM|0|49|4660145|5182990|5|4427137|57063|3|19960521|REG AIR
583|1|26|145|1|19940601|3-MEDIUM|0|1|104514|104001|7|97198|62708|7|19940712|TRUCK
608|1|11|154|2|19950802|1-URGENT|0|19|2002885|17956204|8|1842654|63249|6|19951005|RAIL
608|2|11|198|2|19950802|1-URGENT|0|40|4392760|17956204|3|4260977|65891|1|19950914|AIR
608|3|11|184|2|19950802|1-URGENT|0|7|758926|17956204|7|705801|65050|7|19951004|AIR
608|4|11|104|1|19950802|1-URGENT|0|8|803280|17956204|6|755083|60246|2|19951010|FOB
608|5|11|159|2|19950802|1-URGENT|0|21|2224215|17956204|9|2024035|63549|1|19950907|MAIL
608|6|11|53|1|19950802|1-URGENT|0|39|3716895|17956204|2|3642557|57183|2|19950912|REG AIR
608|7|11|43|2|19950802|1-URGENT|0|48|4526592|17956204|8|4164464|56582|6|19951010|RAIL
609|1|22|66|1|19930127|1-URGENT|0|21|2028726|9068611|1|2008438|57963|5|19930420|FOB
609|2|22|7|2|19930127|1-URGENT|0|19|1723300|9068611|1|1706067|54420|0|19930327|RAIL
609|3|22|178|2|19930127|1-URGENT|0|46|4959582|9068611|1|4909986|64690|7|19930420|TRUCK
610|1|17|111|2|19921021|3-MEDIUM|0|49|4954439|14664319|10|4458995|60666|7|19930114|SHIP
610|2|17|68|2|19921021|3-MEDIUM|0|11|1064866|14664319|7|990325|58083|8|19930113|MAIL
610|3|17|118|1|19921021|3-MEDIUM|0|26|2647086|14664319|9|2408848|61086|4|19921128|AIR
610|4|17|186|1|19921021|3-MEDIUM|0|17|1846506|14664319|3|1791110|65170|3|19930118|FOB
610|5|17|146|1|19921021|3-MEDIUM|0|39|4079946|14664319|8|3753550|62768|5|19930109|REG AIR
610|6|17|95|1|19921021|3-MEDIUM|0|5|497545|14664319|0|497545|59705|7|19930110|FOB
611|1|28|17|2|19950618|2-HIGH|0|39|3576339|11032281|5|3397522|55020|6|19950829|SHIP
611|2|28|81|1|19950618|2-HIGH|0|1|98108|11032281|8|90259|58864|7|19950718|MAIL
611|3|28|120|1|19950618|2-HIGH|0|39|3978468|11032281|9|3620405|61207|2|19950730|TRUCK
611|4|28|191|2|19950618|2-HIGH|0|36|3928284|11032281|10|3535455|65471|3|19950902|AIR
612|1|28|185|2|19921201|2-HIGH|0|5|542590|14569542|7|504608|65110|0|19921231|RAIL
612|2|28|195|1|19921201|2-HIGH|0|28|3066532|14569542|7|2851874|65711|6|19930121|TRUCK
612|3|28|67|2|19921201|2-HIGH|0|49|4738594|14569542|0|4738594|58023|8|19930105|REG AIR
612|4|28|39|1|19921201|2-HIGH|0|28|2629284|14569542|5|2497819|56341|0|19930115|REG AIR
612|5|28|88|1|19921201|2-HIGH|0|1|98808|14569542|8|90903|59284|4|19930123|FOB
612|6|28|189|2|19921201|2-HIGH|0|33|3594294|14569542|10|3234864|65350|3|19930111|MAIL
613|1|14|91|2|19920509|5-LOW|0|17|1684853|1678786|6|1583761|59465|6|19920625|SHIP
614|1|20|195|2|19930123|2-HIGH|0|21|2299899|13412932|0|2299899|65711|3|19930228|TRUCK
614|2|20|187|1|19930123|2-HIGH|0|48|5218464|13412932|7|4853171|65230|7|19930313|SHIP
614|3|20|167|2|19930123|2-HIGH|0|43|4588788|13412932|5|4359348|64029|0|19930416|SHIP
614|4|20|147|2|19930123|2-HIGH|0|14|1465996|13412932|4|1407356|62828|6|19930408|SHIP
615|1|28|105|1|19930830|5-LOW|0|36|3618360|15576306|10|3256524|60306|1|19931104|FOB
615|2|28|75|2|19930830|5-LOW|0|27|2632689|15576306|2|2580035|58504|2|19931020|REG AIR
615|3|28|84|2|19930830|5-LOW|0|50|4920400|15576306|5|4674380|59044|1|19931001|REG AIR
615|4|28|11|2|19930830|5-LOW|0|37|3370737|15576306|5|3202200|54660|0|19931126|RAIL
615|5|28|15|1|19930830|5-LOW|0|19|1738519|15576306|6|1634207|54900|6|19931112|REG AIR
640|1|8|93|2|19931216|3-MEDIUM|0|49|4866141|4516751|9|4428188|59585|2|19940310|RAIL
641|1|13|126|2|19950325|2-HIGH|0|18|1847016|12062649|1|1828545|61567|8|19950506|AIR
641|2|13|100|1|19950325|2-HIGH|0|1|100010|12062649|9|91009|60006|2|19950523|RAIL
641|3|13|95|1|19950325|2-HIGH|0|40|3980360|12062649|5|3781342|59705|6|19950515|REG AIR
641|4|13|71|2|19950325|2-HIGH|0|25|2427675|12062649|3|2354844|58264|2|19950613|FOB
641|5|13|4|2|19950325|2-HIGH|0|41|3706400|12062649|7|3446952|54240|4|19950522|FOB
642|1|2|54|1|19920501|1-URGENT|0|26|2480530|20208675|10|2232477|57243|3|19920617|REG AIR
642|2|2|49|2|19920501|1-URGENT|0|50|4745200|20208675|3|4602844|56942|0|19920713|TRUCK
642|3|2|131|2|19920501|1-URGENT|0|42|4330746|20208675|4|4157516|61867|5|19920611|AIR
642|4|2|124|2|19920501|1-URGENT|0|48|4915776|20208675|1|4866618|61447|1|19920721|MAIL
642|5|2|41|2|19920501|1-URGENT|0|11|1035144|20208675|8|952332|56462|2|19920723|SHIP
642|6|2|163|2|19920501|1-URGENT|0|2|212632|20208675|3|206253|63789|7|19920604|REG AIR
642|7|2|90|2|19920501|1-URGENT|0|30|2970270|20208675|10|2673243|59405|6|19920606|MAIL
643|1|23|13|2|19941203|2-HIGH|0|28|2556428|21984219|0|2556428|54780|8|19950120|TRUCK
643|2|23|51|1|19941203|2-HIGH|0|48|4565040|21984219|1|4519389|57063|2|19950215|FOB
643|3|23|163|1|19941203|2-HIGH|0|23|2445268|21984219|5|2323004|63789|3|19950126|RAIL
643|4|23|45|2|19941203|2-HIGH|0|39|3685656|21984219|8|3390803|56702|4|19950224|RAIL
643|5|23|190|2|19941203|2-HIGH|0|47|5123893|21984219|10|4611503|65411|3|19950222|RAIL
643|6|23|33|2|19941203|2-HIGH|0|33|3078999|21984219|9|2801889|55981|4|19950225|RAIL
643|7|23|4|2|19941203|2-HIGH|0|12|1084800|21984219|5|1030560|54240|0|19950208|TRUCK
644|1|11|134|1|19941122|2-HIGH|0|46|4756998|16602444|2|4661858|62047|1|19950105|RAIL
644|2|11|130|2|19941122|2-HIGH|0|11|1133143|16602444|5|1076485|61807|2|19950211|TRUCK
644|3|11|101|2|19941122|2-HIGH|0|44|4404840|16602444|4|4228646|60066|4|19950216|REG AIR
644|4|11|80|2|19941122|2-HIGH|0|7|686056|16602444|1|679195|58804|2|19950122|RAIL
644|5|11|50|1|19941122|2-HIGH|0|23|2185115|16602444|2|2141412|57003|4|19950218|TRUCK
644|6|11|85|2|19941122|2-HIGH|0|33|3250764|16602444|0|3250764|59104|7|19950217|AIR
645|1|29|160|1|19970807|1-URGENT|0|33|3498528|12500659|1|3463542|63609|2|19971026|TRUCK
645|2|29|170|1|19970807|1-URGENT|0|47|5029799|12500659|7|4677713|64210|5|19971020|TRUCK
645|3|29|70|2|19970807|1-URGENT|0|46|4462322|12500659|10|4016089|58204|1|19971026|REG AIR
646|1|22|109|2|19940414|5-LOW|0|31|3128210|5521206|0|3128210|60546|5|19940709|MAIL
646|2|22|127|1|19940414|5-LOW|0|1|102712|5521206|7|95522|61627|1|19940530|MAIL
646|3|22|30|2|19940414|5-LOW|0|24|2232072|5521206|6|2098147|55801|2|19940522|TRUCK
647|1|16|17|1|19940310|1-URGENT|0|41|3759741|3735677|8|3458961|55020|8|19940427|REG AIR
672|1|7|173|1|19920829|5-LOW|0|41|4399997|5373960|6|4135997|64390|6|19921117|REG AIR
672|2|7|190|1|19920829|5-LOW|0|9|981171|5373960|3|951735|65411|4|19921021|TRUCK
673|1|4|71|2|19970731|2-HIGH|0|22|2136354|11290162|3|2072263|58264|2|19970917|TRUCK
673|2|4|4|2|19970731|2-HIGH|0|22|1988800|11290162|10|1789920|54240|3|19971011|FOB
673|3|4|59|2|19970731|2-HIGH|0|6|575430|11290162|5|546658|57543|8|19970925|RAIL
673|4|4|175|2|19970731|2-HIGH|0|36|3870612|11290162|10|3483550|64510|8|19971016|SHIP
673|5|4|71|1|19970731|2-HIGH|0|31|3010317|11290162|1|2980213|58264|0|19971005|TRUCK
674|1|8|102|1|19961213|2-HIGH|0|23|2304830|19525996|6|2166540|60126|7|19970129|SHIP
674|2|8|59|2|19961213|2-HIGH|0|4|383620|19525996|2|375947|57543|7|19970308|RAIL
674|3|8|180|2|19961213|2-HIGH|0|30|3240540|19525996|0|3240540|64810|5|19970214|RAIL
674|4|8|173|2|19961213|2-HIGH|0|47|5043899|19525996|7|4690826|64390|3|19970213|REG AIR
674|5|8|68|1|19961213|2-HIGH|0|35|3388210|19525996|8|3117153|58083|3|19970211|AIR
674|6|8|92|2|19961213|2-HIGH|0|26|2579434|19525996|0|2579434|59525|8|19970115|RAIL
674|7|8|17|2|19961213|2-HIGH|0|27|2475927|19525996|0|2475927|55020|4|19970202|REG AIR
675|1|25|157|2|19931124|3-MEDIUM|0|1|105715|12518872|4|101486|63429|8|19940124|REG AIR
675|2|25|137|2|19931124|3-MEDIUM|0|35|3629955|12518872|8|3339558|62227|7|19940209|REG AIR
675|3|25|176|1|19931124|3-MEDIUM|0|34|3658978|12518872|10|3293080|64570|4|19940131|FOB
675|4|25|100|2|19931124|3-MEDIUM|0|15|1500150|12518872|9|1365136|60006|5|19940122|TRUCK
675|5|25|5|1|19931124|3-MEDIUM|0|46|4163000|12518872|9|3788330|54300|5|19940207|AIR
676|1|28|51|2|19930227|5-LOW|0|9|855945|15308193|9|778909|57063|2|19930419|REG AIR
676|2|28|78|2|19930227|5-LOW|0|20|1956140|15308193|7|1819210|58684|7|19930418|REG AIR
676|3|28|163|1|19930227|5-LOW|0|35|3721060|15308193|5|3535007|63789|1|19930330|RAIL
676|4|28|73|2|19930227|5-LOW|0|24|2335368|15308193|1|2312014|58384|6|19930402|TRUCK
676|5|28|166|2|19930227|5-LOW|0|31|3305096|15308193|1|3272045|63969|6|19930515|TRUCK
676|6|28|76|1|19930227|5-LOW|0|33|3221031|15308193|9|2931138|58564|5|19930509|TRUCK
677|1|10|59|1|19951215|2-HIGH|0|32|3068960|3181897|4|2946201|57543|8|19960221|RAIL
678|1|17|146|1|19961121|3-MEDIUM|0|20|2092280|4228347|5|1987666|62768|8|19961230|MAIL
678|2|17|37|2|19961121|3-MEDIUM|0|22|2061466|4228347|1|2040851|56221|2|19970121|REG AIR
679|1|10|192|1|19970213|4-NOT SPECI|0|9|982971|2698955|9|894503|65531|0|19970328|REG AIR
679|2|10|77|2|19970213|4-NOT SPECI|0|19|1856433|2698955|10|1670789|58624|8|19970430|AIR
704|1|29|190|1|19950909|1-URGENT|0|40|4360760|4349858|5|4142722|65411|5|19951029|AIR
705|1|25|189|1|19941120|3-MEDIUM|0|46|5010228|8377349|5|4759716|65350|6|19950210|SHIP
705|2|25|117|2|19941120|3-MEDIUM|0|35|3559885|8377349|10|3203896|61026|4|19941225|FOB
706|1|7|197|1|19980703|3-MEDIUM|0|23|2523537|13876028|5|2397360|65831|0|19980925|SHIP
706|2|7|131|2|19980703|3-MEDIUM|0|44|4536972|13876028|9|4128644|61867|5|19980827|REG AIR
706|3|7|58|1|19980703|3-MEDIUM|0|28|2682540|13876028|4|2575238|57483|0|19980929|AIR
706|4|7|161|2|19980703|3-MEDIUM|0|1|106116|13876028|1|105054|63669|7|19980819|TRUCK
706|5|7|91|2|19980703|3-MEDIUM|0|11|1090199|13876028|0|1090199|59465|5|19980912|SHIP
706|6|7|57|2|19980703|3-MEDIUM|0|34|3253970|13876028|4|3123811|57423|6|19980909|MAIL
707|1|8|155|1|19980421|1-URGENT|0|34|3587510|11877964|1|3551634|63309|2|19980616|RAIL
707|2|8|43|1|19980421|1-URGENT|0|22|2074688|11877964|0|2074688|56582|6|19980529|REG AIR
707|3|8|68|2|19980421|1-URGENT|0|40|3872240|11877964|5|3678628|58083|3|19980716|AIR
707|4|8|141|1|19980421|1-URGENT|0|22|2290508|11877964|2|2244697|62468|1|19980704|FOB
708|1|28|124|2|19930102|5-LOW|0|3|307236|12740407|5|291874|61447|2|19930324|FOB
708|2|28|180|1|19930102|5-LOW|0|19|2052342|12740407|6|1929201|64810|0|19930325|SHIP
708|3|28|122|2|19930102|5-LOW|0|33|3372996|12740407|9|3069426|61327|6|19930322|RAIL
708|4|28|56|1|19930102|5-LOW|0|5|478025|12740407|7|444563|57363|7|19930214|REG AIR
708|5|28|143|2|19930102|5-LOW|0|36|3755304|12740407|8|3454879|62588|1|19930306|SHIP
708|6|28|23|2|19930102|5-LOW|0|7|646114|12740407|10|581502|55381|3|19930214|REG AIR
708|7|28|60|1|19930102|5-LOW|0|26|2496156|12740407|0|2496156|57603|8|19930302|FOB
709|1|13|87|2|19930923|4-NOT SPECI|0|7|690956|7205587|0|690956|59224|0|19931110|RAIL
709|2|13|198|1|19930923|4-NOT SPECI|0|15|1647285|7205587|8|1515502|65891|0|19931128|RAIL
709|3|13|169|1|19930923|4-NOT SPECI|0|10|1069160|7205587|1|1058468|64149|2|19931202|REG AIR
709|4|13|108|1|19930923|4-NOT SPECI|0|40|4032400|7205587|10|3629160|60486|8|19931122|RAIL
710|1|10|163|2|19980621|5-LOW|0|47|4996852|13668768|6|4697040|63789|8|19980910|MAIL
710|2|10|193|1|19980621|5-LOW|0|38|4154122|13668768|7|3863333|65591|2|19980829|FOB
710|3|10|139|2|19980621|5-LOW|0|7|727391|13668768|4|698295|62347|6|19980914|REG AIR
710|4|10|90|1|19980621|5-LOW|0|25|2475225|13668768|0|2475225|59405|5|19980725|FOB
710|5|10|186|2|19980621|5-LOW|0|12|1303416|13668768|1|1290381|65170|2|19980816|MAIL
711|1|25|146|1|19920426|5-LOW|0|2|209228|195837|10|188305|62768|4|19920712|REG AIR
736|1|5|158|1|19930302|4-NOT SPECI|0|46|4867490|13020417|5|4624115|63489|1|19930513|AIR
736|2|5|80|1|19930302|4-NOT SPECI|0|23|2254184|13020417|2|2209100|58804|5|19930508|AIR
736|3|5|57|2|19930302|4-NOT SPECI|0|13|1244165|13020417|0|1244165|57423|3|19930406|FOB
736|4|5|98|2|19930302|4-NOT SPECI|0|14|1397326|13020417|6|1313486|59885|4|19930425|REG AIR
736|5|5|169|2|19930302|4-NOT SPECI|0|32|3421312|13020417|4|3284459|64149|3|19930503|RAIL
737|1|1|182|2|19980531|5-LOW|0|12|1298616|12782491|1|1285629|64930|1|19980804|RAIL
737|2|1|149|2|19980531|5-LOW|0|35|3671990|12782491|10|3304791|62948|4|19980723|SHIP
737|3|1|147|2|19980531|5-LOW|0|30|3141420|12782491|6|2952934|62828|2|19980824|REG AIR
737|4|1|126|1|19980531|5-LOW|0|39|4001868|12782491|6|3761755|61567|1|19980711|FOB
737|5|1|130|2|19980531|5-LOW|0|12|1236156|12782491|2|1211432|61807|2|19980706|TRUCK
738|1|10|198|2|19950716|3-MEDIUM|0|34|3733846|6958175|0|3733846|65891|6|19950829|TRUCK
738|2|10|188|1|19950716|3-MEDIUM|0|4|435272|6958175|0|435272|65290|3|19950822|AIR
738|3|10|170|1|19950716|3-MEDIUM|0|23|2461391|6958175|4|2362935|64210|8|19950816|SHIP
739|1|22|85|1|19980707|2-HIGH|0|28|2758224|7296786|0|2758224|59104|3|19980910|RAIL
739|2|22|4|1|19980707|2-HIGH|0|50|4520000|7296786|7|4203600|54240|6|19980822|MAIL
740|1|22|2|2|19941223|5-LOW|0|22|1984400|20275566|10|1785960|54120|2|19950218|FOB
740|2|22|66|2|19941223|5-LOW|0|35|3381210|20275566|0|3381210|57963|0|19950129|TRUCK
740|3|22|199|1|19941223|5-LOW|0|29|3187651|20275566|6|2996391|65951|5|19950224|FOB
740|4|22|193|2|19941223|5-LOW|0|40|4372760|20275566|8|4022939|65591|1|19950210|SHIP
740|5|22|11|2|19941223|5-LOW|0|36|3279636|20275566|7|3050061|54660|5|19950314|RAIL
740|6|22|153|1|19941223|5-LOW|0|44|4633860|20275566|6|4355828|63189|7|19950210|REG AIR
741|1|16|187|2|19961004|4-NOT SPECI|0|25|2717950|2794595|3|2636411|65230|6|19961124|MAIL
742|1|20|102|1|19960820|3-MEDIUM|0|46|4609660|23414406|4|4425273|60126|8|19961115|SHIP
742|2|20|96|1|19960820|3-MEDIUM|0|15|1494135|23414406|8|1374604|59765|5|19961115|SHIP
742|3|20|102|1|19960820|3-MEDIUM|0|24|2405040|23414406|8|2212636|60126|8|19961107|SHIP
742|4|20|192|1|19960820|3-MEDIUM|0|16|1747504|23414406|1|1730028|65531|5|19961023|AIR
742|5|20|101|1|19960820|3-MEDIUM|0|48|4805280|23414406|9|4372804|60066|8|19960920|TRUCK
742|6|20|192|2|19960820|3-MEDIUM|0|49|5351731|23414406|2|5244696|65531|7|19961011|RAIL
742|7|20|162|2|19960820|3-MEDIUM|0|26|2761616|23414406|4|2651151|63729|0|19961005|RAIL
743|1|16|192|2|19930602|3-MEDIUM|0|21|2293599|4263234|1|2270663|65531|4|19930704|MAIL
743|2|16|61|1|19930602|3-MEDIUM|0|20|1922120|4263234|3|1864456|57663|2|19930805|FOB
768|1|7|196|1|19980523|5-LOW|0|39|4275141|4531068|6|4018632|65771|8|19980730|SHIP
768|2|7|18|1|19980523|5-LOW|0|2|183602|4531068|0|183602|55080|4|19980706|SHIP
769|1|10|176|1|19950617|1-URGENT|0|36|3874212|16356410|2|3796727|64570|2|19950822|AIR
769|2|10|160|1|19950617|1-URGENT|0|4|424064|16356410|1|419823|63609|4|19950827|FOB
769|3|10|3|2|19950617|1-URGENT|0|33|2979900|16356410|0|2979900|54180|2|19950905|RAIL
769|4|10|44|2|19950617|1-URGENT|0|19|1793676|16356410|10|1614308|56642|4|19950910|SHIP
769|5|10|53|2|19950617|1-URGENT|0|44|4193420|16356410|10|3774078|57183|8|19950821|MAIL
769|6|10|161|1|19950617|1-URGENT|0|32|3395712|16356410|7|3158012|63669|3|19950722|SHIP
770|1|20|181|1|19930417|2-HIGH|0|39|4216602|9849151|9|3837107|64870|6|19930704|REG AIR
770|2|20|54|1|19930417|2-HIGH|0|25|2385125|9849151|3|2313571|57243|2|19930617|AIR
770|3|20|82|1|19930417|2-HIGH|0|8|785664|9849151|10|707097|58924|5|19930630|FOB
770|4|20|152|1|19930417|2-HIGH|0|15|1578225|9849151|5|1499313|63129|5|19930621|AIR
770|5|20|6|1|19930417|2-HIGH|0|13|1177800|9849151|8|1083576|54360|2|19930528|SHIP
771|1|28|7|2|19930926|3-MEDIUM|0|12|1088400|10530205|10|979560|54420|8|19931111|TRUCK
771|2|28|161|1|19930926|3-MEDIUM|0|38|4032408|10530205|3|3911435|63669|8|19931220|REG AIR
771|3|28|7|1|19930926|3-MEDIUM|0|14|1269800|10530205|2|1244404|54420|5|19931122|AIR
771|4|28|42|1|19930926|3-MEDIUM|0|7|659428|10530205|6|619862|56522|2|19931210|REG AIR
771|5|28|78|2|19930926|3-MEDIUM|0|13|1271491|10530205|9|1157056|58684|1|19931130|FOB
771|6|28|82|2|19930926|3-MEDIUM|0|23|2258784|10530205|8|2078081|58924|3|19931217|FOB
772|1|16|53|2|19951204|1-URGENT|0|35|3335675|17204268|10|3002107|57183|6|19960122|SHIP
772|2|16|84|2|19951204|1-URGENT|0|10|984080|17204268|5|934876|59044|1|19960105|MAIL
772|3|16|86|1|19951204|1-URGENT|0|35|3451280|17204268|3|3347741|59164|4|19960130|MAIL
772|4|16|180|2|19951204|1-URGENT|0|10|1080180|17204268|8|993765|64810|2|19960126|AIR
772|5|16|54|1|19951204|1-URGENT|0|42|4007010|17204268|2|3926869|57243|7|19960303|MAIL
772|6|16|66|1|19951204|1-URGENT|0|46|4443876|17204268|7|4132804|57963|6|19960218|REG AIR
773|1|28|100|1|19950318|1-URGENT|0|5|500050|7468744|6|470047|60006|4|19950610|MAIL
773|2|28|11|1|19950318|1-URGENT|0|31|2824131|7468744|2|2767648|54660|6|19950424|MAIL
773|3|28|151|2|19950318|1-URGENT|0|39|4099485|7468744|6|3853515|63069|5|19950614|FOB
774|1|13|183|1|19980714|2-HIGH|0|49|5307582|9028781|8|4882975|64990|3|19980817|SHIP
774|2|13|17|2|19980714|2-HIGH|0|3|275103|9028781|10|247592|55020|6|19980824|FOB
774|3|13|148|2|19980714|2-HIGH|0|34|3563676|9028781|2|3492402|62888|7|19980813|FOB
775|1|25|32|2|19920218|1-URGENT|0|16|1491248|20792292|10|1342123|55921|6|19920408|TRUCK
775|2|25|174|2|19920218|1-URGENT|0|21|2255757|20792292|1|2233199|64450|6|19920504|FOB
775|3|25|108|2|19920218|1-URGENT|0|20|2016200|20792292|1|1996038|60486|8|19920423|AIR
775|4|25|98|2|19920218|1-URGENT|0|44|4391596|20792292|5|4172016|59885|4|19920409|SHIP
775|5|25|92|2|19920218|1-URGENT|0|33|3273897|20792292|8|3011985|59525|5|19920319|RAIL
775|6|25|61|2|19920218|1-URGENT|0|37|3555922|20792292|2|3484803|57663|4|19920402|SHIP
775|7|25|36|1|19920218|1-URGENT|0|41|3837723|20792292|4|3684214|56161|1|19920430|TRUCK
800|1|28|72|2|19950105|1-URGENT|0|38|3693866|16817096|0|3693866|58324|5|19950319|TRUCK
800|2|28|85|1|19950105|1-URGENT|0|21|2068668|16817096|4|1985921|59104|5|19950325|RAIL
800|3|28|176|2|19950105|1-URGENT|0|26|2798042|16817096|1|2770061|64570|2|19950401|FOB
800|4|28|94|1|19950105|1-URGENT|0|47|4672223|16817096|9|4251722|59645|5|19950222|MAIL
800|5|28|104|1|19950105|1-URGENT|0|39|3915990|16817096|9|3563550|60246|0|19950331|SHIP
801|1|4|6|2|19970429|5-LOW|0|13|1177800|3106128|10|1060020|54360|2|19970704|RAIL
801|2|4|95|2|19970429|5-LOW|0|21|2089689|3106128|5|1985204|59705|2|19970611|AIR
802|1|10|143|2|19930312|3-MEDIUM|0|40|4172560|13725783|8|3838755|62588|8|19930608|RAIL
802|2|10|133|1|19930312|3-MEDIUM|0|34|3512642|13725783|8|3231630|61987|6|19930520|AIR
802|3|10|131|1|19930312|3-MEDIUM|0|44|4536972|13725783|7|4219383|61867|4|19930411|SHIP
802|4|10|157|2|19930312|3-MEDIUM|0|18|1902870|13725783|9|1731611|63429|2|19930414|RAIL
803|1|26|54|2|19950705|4-NOT SPECI|0|8|763240|7258768|7|709813|57243|1|19950825|SHIP
803|2|26|99|1|19950705|4-NOT SPECI|0|21|2098089|7258768|8|1930241|59945|6|19950905|AIR
803|3|26|30|2|19950705|4-NOT SPECI|0|47|4371141|7258768|10|3934026|55801|6|19950904|FOB
803|4|26|146|2|19950705|4-NOT SPECI|0|3|313842|7258768|3|304426|62768|7|19950919|TRUCK
804|1|28|126|1|19960620|2-HIGH|0|30|3078360|7489879|8|2832091|61567|4|19960815|REG AIR
804|2|28|199|2|19960620|2-HIGH|0|2|219838|7489879|2|215441|65951|0|19960808|TRUCK
804|3|28|76|2|19960620|2-HIGH|0|44|4294708|7489879|4|4122919|58564|5|19960722|TRUCK
805|1|29|198|1|19931124|3-MEDIUM|0|25|2745475|11991607|7|2553291|65891|6|19940219|AIR
805|2|29|57|1|19931124|3-MEDIUM|0|29|2775445|11991607|7|2581163|57423|1|19940104|AIR
805|3|29|47|1|19931124|3-MEDIUM|0|12|1136448|11991607|1|1125083|56822|6|19940216|REG AIR
805|4|29|76|1|19931124|3-MEDIUM|0|26|2537782|11991607|8|2334759|58564|7|19940213|RAIL
805|5|29|18|1|19931124|3-MEDIUM|0|30|2754030|11991607|8|2533707|55080|1|19940212|SHIP
805|6|29|145|2|19931124|3-MEDIUM|0|3|313542|11991607|0|313542|62708|5|19931228|REG AIR
805|7|29|129|1|19931124|3-MEDIUM|0|1|102912|11991607|10|92620|61747|7|19931226|TRUCK
806|1|7|105|2|19920419|5-LOW|0|1|100510|2291921|4|96489|60306|7|19920712|RAIL
806|2|7|160|2|19920419|5-LOW|0|22|2332352|2291921|8|2145763|63609|2|19920610|REG AIR
807|1|13|117|2|19940213|3-MEDIUM|0|49|4983839|15573716|0|4983839|61026|0|19940404|REG AIR
807|2|13|155|2|19940213|3-MEDIUM|0|49|5170235|15573716|1|5118532|63309|6|19940415|TRUCK
807|3|13|181|2|19940213|3-MEDIUM|0|48|5189664|15573716|7|4826387|64870|7|19940424|SHIP
832|1|10|103|1|19940523|3-MEDIUM|0|45|4513950|6849408|1|4468810|60186|2|19940710|MAIL
832|2|10|48|2|19940523|3-MEDIUM|0|24|2275296|6849408|5|2161531|56882|6|19940817|TRUCK
833|1|13|54|1|19951008|4-NOT SPECI|0|1|95405|3931653|4|91588|57243|4|19951128|MAIL
833|2|13|112|1|19951008|4-NOT SPECI|0|38|3846018|3931653|5|3653717|60726|5|19951214|TRUCK
834|1|14|145|1|19961125|4-NOT SPECI|0|36|3762504|5457105|6|3536753|62708|4|19970127|SHIP
834|2|14|7|2|19961125|4-NOT SPECI|0|11|997700|5457105|3|967769|54420|0|19970205|TRUCK
834|3|14|17|2|19961125|4-NOT SPECI|0|9|825309|5457105|9|751031|55020|8|19970214|MAIL
835|1|25|107|2|19940615|4-NOT SPECI|0|33|3323430|6243067|9|3024321|60426|6|19940809|RAIL
835|2|25|185|2|19940615|4-NOT SPECI|0|28|3038504|6243067|2|2977733|65110|2|19940818|SHIP
836|1|4|188|2|19980129|5-LOW|0|6|652908|9890700|9|594146|65290|3|19980406|TRUCK
836|2|4|84|2|19980129|5-LOW|0|18|1771344|9890700|3|1718203|59044|5|19980417|REG AIR
836|3|4|141|1|19980129|5-LOW|0|46|4789244|9890700|5|4549781|62468|7|19980412|REG AIR
836|4|4|51|2|19980129|5-LOW|0|29|2758045|9890700|10|2482240|57063|5|19980411|SHIP
837|1|7|57|1|19950808|1-URGENT|0|39|3732495|6091841|3|3620520|57423|8|19951003|RAIL
837|2|7|88|2|19950808|1-URGENT|0|24|2371392|6091841|8|2181680|59284|0|19951026|FOB
838|1|28|134|1|19970817|1-URGENT|0|20|2068260|6745499|10|1861434|62047|7|19971011|TRUCK
838|2|28|29|1|19970817|1-URGENT|0|27|2508354|6745499|5|2382936|55741|7|19971020|SHIP
838|3|28|95|1|19970817|1-URGENT|0|23|2288707|6745499|10|2059836|59705|7|19971103|AIR
839|1|1|158|2|19930504|3-MEDIUM|0|23|2433745|14404827|7|2263382|63489|2|19930730|AIR
839|2|1|189|1|19930504|3-MEDIUM|0|47|5119146|14404827|8|4709614|65350|0|19930802|AIR
839|3|1|5|2|19930504|3-MEDIUM|0|47|4253500|14404827|1|4210965|54300|3|19930727|REG AIR
839|4|1|147|1|19930504|3-MEDIUM|0|32|3350848|14404827|9|3049271|62828|0|19930620|TRUCK
864|1|8|130|1|19921128|3-MEDIUM|0|34|3502442|3533262|3|3397368|61807|4|19930203|SHIP
865|1|7|198|1|19931116|3-MEDIUM|0|16|1757104|1683129|7|1634106|65891|3|19940108|TRUCK
866|1|22|136|1|19920609|4-NOT SPECI|0|5|518065|14187390|8|476619|62167|0|19920726|AIR
866|2|22|147|2|19920609|4-NOT SPECI|0|33|3455562|14187390|10|3110005|62828|5|19920730|MAIL
866|3|22|20|2|19920609|4-NOT SPECI|0|17|1564034|14187390|5|1485832|55201|8|19920710|AIR
866|4|22|191|1|19920609|4-NOT SPECI|0|17|1855023|14187390|8|1706621|65471|6|19920830|MAIL
866|5|22|103|1|19920609|4-NOT SPECI|0|43|4313330|14187390|4|4140796|60186|7|19920720|SHIP
866|6|22|34|2|19920609|4-NOT SPECI|0|30|2802090|14187390|9|2549901|56041|2|19920717|FOB
867|1|28|139|1|19970112|2-HIGH|0|7|727391|1582351|4|698295|62347|7|19970220|TRUCK
867|2|28|172|1|19970112|2-HIGH|0|8|857736|1582351|9|780539|64330|7|19970331|SHIP
868|1|7|168|1|19930620|4-NOT SPECI|0|8|854528|2055005|6|803256|64089|3|19930812|MAIL
868|2|7|29|2|19930620|4-NOT SPECI|0|13|1207726|2055005|5|1147339|55741|7|19930906|AIR
869|1|4|63|1|19951115|5-LOW|0|27|2600262|21446198|7|2418243|57783|7|19951221|TRUCK
869|2|4|47|1|19951115|5-LOW|0|36|3409344|21446198|4|3272970|56822|1|19960118|RAIL
869|3|4|58|1|19951115|5-LOW|0|42|4023810|21446198|0|4023810|57483|8|19960212|SHIP
869|4|4|199|1|19951115|5-LOW|0|8|879352|21446198|0|879352|65951|3|19951231|REG AIR
869|5|4|25|1|19951115|5-LOW|0|27|2497554|21446198|4|2397651|55501|2|19960203|REG AIR
869|6|4|187|2|19951115|5-LOW|0|45|4892310|21446198|0|4892310|65230|6|19960131|RAIL
869|7|4|181|2|19951115|5-LOW|0|24|2594832|21446198|2|2542935|64870|5|19960111|REG AIR
870|1|1|50|2|19930309|1-URGENT|0|36|3420180|14667920|4|3283372|57003|7|19930605|MAIL
870|2|1|186|1|19930309|1-URGENT|0|5|543090|14667920|6|510504|65170|5|19930531|FOB
870|3|1|170|2|19930309|1-URGENT|0|6|642102|14667920|6|603575|64210|5|19930501|SHIP
870|4|1|67|2|19930309|1-URGENT|0|33|3191298|14667920|7|2967907|58023|3|19930525|FOB
870|5|1|74|1|19930309|1-URGENT|0|45|4383315|14667920|3|4251815|58444|2|19930523|REG AIR
870|6|1|112|2|19930309|1-URGENT|0|17|1720587|14667920|0|1720587|60726|4|19930516|AIR
870|7|1|125|2|19930309|1-URGENT|0|8|820096|14667920|6|770890|61507|4|19930509|AIR
871|1|10|97|1|19950320|1-URGENT|0|48|4786032|13120801|10|4307428|59825|3|19950614|AIR
871|2|10|55|2|19950320|1-URGENT|0|47|4488735|13120801|7|4174523|57303|3|19950606|RAIL
871|3|10|108|2|19950320|1-URGENT|0|13|1310530|13120801|9|1192582|60486|1|19950529|REG AIR
871|4|10|190|1|19950320|1-URGENT|0|29|3161551|13120801|6|2971857|65411|7|19950601|RAIL
896|1|11|39|1|19930603|2-HIGH|0|47|4413441|7266102|7|4104500|56341|8|19930809|TRUCK
896|2|11|198|2|19930603|2-HIGH|0|10|1098190|7266102|3|1065244|65891|7|19930828|SHIP
896|3|11|2|2|19930603|2-HIGH|0|7|631400|7266102|9|574574|54120|2|19930818|MAIL
896|4|11|152|1|19930603|2-HIGH|0|11|1157365|7266102|8|1064775|63129|4|19930816|MAIL
897|1|22|91|2|19980408|5-LOW|0|15|1486635|17298112|7|1382570|59465|4|19980528|REG AIR
897|2|22|184|2|19980408|5-LOW|0|26|2818868|17298112|5|2677924|65050|8|19980629|MAIL
897|3|22|126|1|19980408|5-LOW|0|13|1333956|17298112|7|1240579|61567|0|19980605|MAIL
897|4|22|102|2|19980408|5-LOW|0|2|200420|17298112|8|184386|60126|8|19980526|RAIL
897|5|22|163|1|19980408|5-LOW|0|48|5103168|17298112|3|4950072|63789|8|19980604|AIR
897|6|22|96|2|19980408|5-LOW|0|10|996090|17298112|8|916402|59765|1|19980520|MAIL
897|7|22|121|2|19980408|5-LOW|0|50|5105600|17298112|1|5054544|61267|4|19980706|REG AIR
898|1|10|161|1|19941001|4-NOT SPECI|0|9|955044|6059547|7|888190|63669|8|19941106|AIR
898|2|10|179|2|19941001|4-NOT SPECI|0|37|3992929|6059547|3|3873141|64750|5|19941202|REG AIR
898|3|10|49|2|19941001|4-NOT SPECI|0|11|1043944|6059547|1|1033504|56942|0|19941229|MAIL
899|1|4|61|1|19980721|4-NOT SPECI|0|18|1729908|6133313|4|1660711|57663|5|19980821|AIR
899|2|4|47|1|19980721|4-NOT SPECI|0|25|2367600|6133313|0|2367600|56822|7|19980824|REG AIR
899|3|4|85|2|19980721|4-NOT SPECI|0|4|394032|6133313|9|358569|59104|5|19981010|REG AIR
899|4|4|180|2|19980721|4-NOT SPECI|0|14|1512252|6133313|5|1436639|64810|3|19980909|FOB
900|1|2|199|1|19940727|4-NOT SPECI|0|44|4836436|12007351|1|4788071|65951|6|19940928|MAIL
900|2|2|115|1|19940727|4-NOT SPECI|0|48|4872528|12007351|8|4482725|60906|4|19940903|TRUCK
900|3|2|75|1|19940727|4-NOT SPECI|0|24|2340168|12007351|3|2269962|58504|0|19941020|SHIP
901|1|4|22|1|19950707|4-NOT SPECI|0|36|3319272|10789145|1|3286079|55321|1|19950925|REG AIR
901|2|4|46|1|19950707|4-NOT SPECI|0|2|189208|10789145|9|172179|56762|2|19950913|AIR
901|3|4|43|1|19950707|4-NOT SPECI|0|37|3489248|10789145|4|3349678|56582|8|19950830|AIR
901|4|4|18|1|19950707|4-NOT SPECI|0|11|1009811|10789145|0|1009811|55080|6|19951005|TRUCK
901|5|4|53|2|19950707|4-NOT SPECI|0|2|190610|10789145|6|179173|57183|3|19950927|FOB
901|6|4|62|2|19950707|4-NOT SPECI|0|25|2405150|10789145|5|2284892|57723|6|19951001|FOB
902|1|14|111|1|19950302|5-LOW|0|3|303333|14531793|6|285133|60666|0|19950531|MAIL
902|2|14|118|1|19950302|5-LOW|0|8|814488|14531793|6|765618|61086|7|19950426|RAIL
902|3|14|165|2|19950302|5-LOW|0|24|2556384|14531793|2|2505256|63909|5|19950518|FOB
902|4|14|199|2|19950302|5-LOW|0|15|1648785|14531793|9|1500394|65951|8|19950529|FOB
902|5|14|130|1|19950302|5-LOW|0|33|3399429|14531793|5|3229457|61807|5|19950530|TRUCK
902|6|14|54|1|19950302|5-LOW|0|46|4388630|14531793|8|4037539|57243|8|19950515|MAIL
902|7|14|174|1|19950302|5-LOW|0|14|1503838|14531793|8|1383530|64450|3|19950407|TRUCK
903|1|17|65|2|19921002|2-HIGH|0|27|2605662|9527519|4|2501435|57903|3|19921216|SHIP
903|2|17|9|1|19921002|2-HIGH|0|35|3181500|9527519|6|2990610|54540|5|19921116|TRUCK
903|3|17|9|1|19921002|2-HIGH|0|33|2999700|9527519|2|2939706|54540|3|19921127|MAIL
903|4|17|56|2|19921002|2-HIGH|0|9|860445|9527519|9|783004|57363|0|19921210|TRUCK
928|1|28|169|1|19941217|1-URGENT|0|29|3100564|22813649|7|2883524|64149|2|19950226|REG AIR
928|2|28|48|2|19941217|1-URGENT|0|24|2275296|22813649|5|2161531|56882|8|19950222|AIR
928|3|28|152|1|19941217|1-URGENT|0|46|4839890|22813649|8|4452698|63129|0|19950124|REG AIR
928|4|28|52|2|19941217|1-URGENT|0|43|4093815|22813649|10|3684433|57123|5|19950205|REG AIR
928|5|28|12|1|19941217|1-URGENT|0|38|3465638|22813649|2|3396325|54720|8|19950130|SHIP
928|6|28|55|1|19941217|1-URGENT|0|50|4775250|22813649|5|4536487|57303|0|19950130|TRUCK
928|7|28|11|1|19941217|1-URGENT|0|11|1002111|22813649|0|1002111|54660|1|19950131|AIR
929|1|22|129|2|19921207|1-URGENT|0|45|4631040|10930102|9|4214246|61747|1|19930210|REG AIR
929|2|22|175|1|19921207|1-URGENT|0|44|4730748|10930102|2|4636133|64510|0|19930125|SHIP
929|3|22|74|1|19921207|1-URGENT|0|14|1363698|10930102|6|1281876|58444|7|19930122|FOB
929|4|22|102|1|19921207|1-URGENT|0|7|701470|10930102|6|659381|60126|1|19930223|TRUCK
930|1|10|45|2|19970516|2-HIGH|0|36|3402144|3184406|10|3061929|56702|4|19970720|RAIL
931|1|20|40|1|19920805|4-NOT SPECI|0|18|1692072|8082904|0|1692072|56402|5|19920909|RAIL
931|2|20|17|2|19920805|4-NOT SPECI|0|10|917010|8082904|5|871159|55020|7|19920907|SHIP
931|3|20|147|2|19920805|4-NOT SPECI|0|48|5026272|8082904|1|4976009|62828|8|19921029|FOB
932|1|11|44|1|19960703|1-URGENT|0|41|3870564|4023450|1|3831858|56642|5|19960908|RAIL
933|1|10|49|2|19970924|5-LOW|0|23|2182792|16971274|2|2139136|56942|4|19971107|MAIL
933|2|10|13|1|19970924|5-LOW|0|27|2465127|16971274|2|2415824|54780|1|19971121|RAIL
933|3|10|100|1|19970924|5-LOW|0|26|2600260|16971274|5|2470247|60006|0|19971223|AIR
933|4|10|112|1|19970924|5-LOW|0|46|4655706|16971274|7|4329806|60726|8|19971111|AIR
933|5|10|145|2|19970924|5-LOW|0|19|1985766|16971274|9|1807047|62708|3|19971024|RAIL
933|6|10|164|1|19970924|5-LOW|0|31|3298896|16971274|0|3298896|63849|0|19971128|MAIL
934|1|7|118|2|19940921|3-MEDIUM|0|18|1832598|5491886|7|1704316|61086|1|19941209|RAIL
934|2|7|132|2|19940921|3-MEDIUM|0|15|1548195|5491886|8|1424339|61927|3|19941110|MAIL
934|3|7|188|1|19940921|3-MEDIUM|0|21|2285178|5491886|4|2193770|65290|5|19941111|MAIL
935|1|13|28|1|19950604|4-NOT SPECI|0|23|2134446|9773387|5|2027723|55681|0|19950802|REG AIR
935|2|13|65|2|19950604|4-NOT SPECI|0|23|2219638|9773387|2|2175245|57903|1|19950805|TRUCK
935|3|13|135|1|19950604|4-NOT SPECI|0|36|3726468|9773387|6|3502879|62107|0|19950815|AIR
935|4|13|58|2|19950604|4-NOT SPECI|0|13|1245465|9773387|8|1145827|57483|4|19950810|TRUCK
935|5|13|13|1|19950604|4-NOT SPECI|0|8|730408|9773387|2|715799|54780|5|19950713|TRUCK
935|6|13|59|2|19950604|4-NOT SPECI|0|1|95905|9773387|1|94945|57543|8|19950802|TRUCK
960|1|8|107|1|19940506|5-LOW|0|1|100710|17333665|7|93660|60426|0|19940610|AIR
960|2|8|117|2|19940506|5-LOW|0|25|2542775|17333665|6|2390208|61026|8|19940613|RAIL
960|3|8|175|2|19940506|5-LOW|0|32|3440544|17333665|1|3406138|64510|8|19940801|FOB
960|4|8|57|1|19940506|5-LOW|0|30|2871150|17333665|7|2670169|57423|7|19940706|REG AIR
960|5|8|124|1|19940506|5-LOW|0|47|4813364|17333665|7|4476428|61447|4|19940801|RAIL
960|6|8|120|1|19940506|5-LOW|0|33|3366396|17333665|0|3366396|61207|3|19940605|FOB
961|1|7|118|2|19940526|3-MEDIUM|0|7|712677|2345984|10|641409|61086|0|19940711|RAIL
961|2|7|91|1|19940526|3-MEDIUM|0|18|1783962|2345984|9|1623405|59465|5|19940805|AIR
962|1|16|57|1|19950520|3-MEDIUM|0|36|3445380|8028677|1|3410926|57423|3|19950724|TRUCK
962|2|16|36|1|19950520|3-MEDIUM|0|27|2527281|8028677|9|2299825|56161|2|19950724|SHIP
962|3|16|80|1|19950520|3-MEDIUM|0|3|294024|8028677|7|273442|58804|8|19950720|FOB
962|4|16|57|1|19950520|3-MEDIUM|0|20|1914100|8028677|4|1837536|57423|2|19950711|SHIP
963|1|14|194|2|19950515|5-LOW|0|7|765933|5328725|1|758273|65651|0|19950707|REG AIR
963|2|14|98|1|19950515|5-LOW|0|48|4790832|5328725|10|4311748|59885|6|19950801|RAIL
964|1|4|199|1|19980430|2-HIGH|0|39|4286841|13114647|4|4115367|65951|1|19980704|AIR
964|2|4|113|1|19980430|2-HIGH|0|1|101311|13114647|2|99284|60786|5|19980709|REG AIR
964|3|4|57|1|19980430|2-HIGH|0|49|4689545|13114647|1|4642649|57423|3|19980721|MAIL
964|4|4|55|1|19980430|2-HIGH|0|44|4202220|13114647|5|3992109|57303|2|19980713|TRUCK
965|1|22|108|1|19920621|3-MEDIUM|0|20|2016200|13096467|4|1935552|60486|5|19920826|MAIL
965|2|22|18|2|19920621|3-MEDIUM|0|23|2111423|13096467|6|1984737|55080|8|19920814|MAIL
965|3|22|159|2|19920621|3-MEDIUM|0|19|2012385|13096467|3|1952013|63549|3|19920819|MAIL
965|4|22|15|2|19920621|3-MEDIUM|0|48|4392048|13096467|9|3996763|54900|2|19920829|MAIL
965|5|22|73|2|19920621|3-MEDIUM|0|4|389228|13096467|5|369766|58384|1|19920824|AIR
965|6|22|87|2|19920621|3-MEDIUM|0|15|1480620|13096467|1|1465813|59224|2|19920918|REG AIR
965|7|22|118|1|19920621|3-MEDIUM|0|10|1018110|13096467|8|936661|61086|3|19920814|FOB
966|1|11|180|2|19971111|3-MEDIUM|0|19|2052342|17779690|7|1908678|64810|1|19980126|FOB
966|2|11|117|2|19971111|3-MEDIUM|0|42|4271862|17779690|2|4186424|61026|6|19980101|TRUCK
966|3|11|22|2|19971111|3-MEDIUM|0|42|3872484|17779690|6|3640134|55321|8|19971220|RAIL
966|4|11|5|2|19971111|3-MEDIUM|0|20|1810000|17779690|4|1737600|54300|1|19980126|TRUCK
966|5|11|3|1|19971111|3-MEDIUM|0|20|1806000|17779690|6|1697640|54180|0|19971215|TRUCK
966|6|11|8|2|19971111|3-MEDIUM|0|44|3995200|17779690|3|3875344|54480|4|19980114|AIR
967|1|16|59|2|19950910|3-MEDIUM|0|41|3932105|17928795|5|3735499|57543|5|19951104|MAIL
967|2|16|85|2|19950910|3-MEDIUM|0|4|394032|17928795|1|390091|59104|2|19951016|REG AIR
967|3|16|132|1|19950910|3-MEDIUM|0|10|1032130|17928795|0|1032130|61927|2|19951026|MAIL
967|4|16|148|2|19950910|3-MEDIUM|0|49|5135886|17928795|1|5084527|62888|4|19951205|SHIP
967|5|16|17|1|19950910|3-MEDIUM|0|41|3759741|17928795|8|3458961|55020|4|19951027|FOB
967|6|16|106|1|19950910|3-MEDIUM|0|17|1710370|17928795|5|1624851|60366|6|19951108|MAIL
967|7|16|161|2|19950910|3-MEDIUM|0|18|1910088|17928795|0|1910088|63669|2|19951025|RAIL
992|1|1|60|2|19940420|5-LOW|0|14|1344084|9068965|10|1209675|57603|3|19940607|MAIL
992|2|1|38|1|19940420|5-LOW|0|34|3189302|9068965|2|3125515|56281|0|19940630|RAIL
992|3|1|105|1|19940420|5-LOW|0|30|3015300|9068965|10|2713770|60306|0|19940712|SHIP
992|4|1|48|1|19940420|5-LOW|0|21|1990884|9068965|6|1871430|56882|6|19940606|TRUCK
993|1|25|175|1|19950531|3-MEDIUM|0|33|3548061|14997030|1|3512580|64510|5|19950818|AIR
993|2|25|3|1|19950531|3-MEDIUM|0|28|2528400|14997030|6|2376696|54180|8|19950810|RAIL
993|3|25|40|2|19950531|3-MEDIUM|0|10|940040|14997030|3|911838|56402|8|19950803|RAIL
993|4|25|191|2|19950531|3-MEDIUM|0|40|4364760|14997030|1|4321112|65471|1|19950722|RAIL
993|5|25|146|1|19950531|3-MEDIUM|0|33|3452262|14997030|9|3141558|62768|8|19950714|RAIL
994|1|16|65|1|19971229|1-URGENT|0|4|386024|369772|7|359002|57903|3|19980129|SHIP
995|1|22|173|2|19970519|2-HIGH|0|15|1609755|4285565|8|1480974|64390|5|19970723|REG AIR
995|2|22|129|1|19970519|2-HIGH|0|28|2881536|4285565|8|2651013|61747|3|19970708|SHIP
996|1|7|173|2|19941126|4-NOT SPECI|0|43|4614631|12153524|3|4476192|64390|6|19950220|SHIP
996|2|7|60|1|19941126|4-NOT SPECI|0|29|2784174|12153524|7|2589281|57603|0|19950204|REG AIR
996|3|7|38|2|19941126|4-NOT SPECI|0|14|1313242|12153524|2|1286977|56281|8|19941226|AIR
996|4|7|75|1|19941126|4-NOT SPECI|0|36|3510252|12153524|6|3299636|58504|1|19950110|SHIP
996|5|7|166|2|19941126|4-NOT SPECI|0|1|106616|12153524|10|95954|63969|1|19950213|FOB
997|1|13|163|1|19930905|5-LOW|0|11|1169476|11559597|0|1169476|63789|2|19931107|TRUCK
997|2|13|48|1|19930905|5-LOW|0|17|1611668|11559597|3|1563317|56882|0|19931112|SHIP
997|3|13|82|2|19930905|5-LOW|0|15|1473120|11559597|10|1325808|58924|0|19931012|TRUCK
997|4|13|51|2|19930905|5-LOW|0|37|3518885|11559597|7|3272563|57063|3|19931126|MAIL
997|5|13|36|1|19930905|5-LOW|0|33|3088899|11559597|5|2934454|56161|2|19931102|REG AIR
997|6|13|183|2|19930905|5-LOW|0|10|1083180|11559597|3|1050684|64990|6|19931112|AIR
998|1|1|10|2|19971223|5-LOW|0|22|2002022|6526938|4|1921941|54600|5|19980316|RAIL
998|2|1|181|2|19971223|5-LOW|0|7|756826|6526938|10|681143|64870|5|19980214|MAIL